desc: I1 cache:         32768 B, 64 B, 8-way associative
desc: D1 cache:         32768 B, 64 B, 8-way associative
desc: LL cache:         3145728 B, 64 B, 12-way associative
cmd: ./a.out 4
events: Ir I1mr ILmr Dr D1mr DLmr Dw D1mw DLmw 
fl=/build/eglibc-SvCtMH/eglibc-2.19/csu/../csu/init-first.c
fn=_init
52 8 1 1 0 0 0 4 0 0
58 4 1 1 1 1 0 1 1 1
65 5 1 1 4 1 0 0 0 0
70 1 0 0 0 0 0 1 1 1
71 1 0 0 0 0 0 1 0 0
72 2 0 0 1 1 0 1 1 1
86 4 0 0 0 0 0 1 0 0
94 1 0 0 0 0 0 1 0 0
99 6 0 0 5 0 0 0 0 0
fl=/build/eglibc-SvCtMH/eglibc-2.19/csu/../sysdeps/generic/dl-hash.h
fn=_init
43 1 0 0 0 0 0 0 0 0
44 1 0 0 0 0 0 0 0 0
45 13 0 0 4 0 0 0 0 0
48 12 0 0 0 0 0 0 0 0
49 8 0 0 0 0 0 0 0 0
62 8 0 0 0 0 0 0 0 0
67 1 1 1 0 0 0 0 0 0
fl=/build/eglibc-SvCtMH/eglibc-2.19/csu/../sysdeps/unix/sysv/linux/x86_64/init-first.c
fn=_init
38 7 1 1 0 0 0 4 0 0
40 4 0 0 0 0 0 1 0 0
41 2 0 0 0 0 0 0 0 0
42 2 1 1 0 0 0 0 0 0
43 2 1 1 1 0 0 0 0 0
44 1 0 0 0 0 0 1 1 0
46 3 0 0 0 0 0 1 0 0
50 3 0 0 0 0 0 0 0 0
51 2 0 0 1 0 0 0 0 0
52 1 0 0 0 0 0 1 0 0
fl=/build/eglibc-SvCtMH/eglibc-2.19/csu/../sysdeps/x86_64/multiarch/init-arch.c
fn=__init_cpu_features
31 7 1 1 0 0 0 4 0 0
37 3 0 0 0 0 0 0 0 0
38 3 0 0 0 0 0 0 0 0
39 2 0 0 0 0 0 0 0 0
45 1 0 0 0 0 0 1 0 0
54 3 1 1 0 0 0 1 0 0
57 6 0 0 0 0 0 0 0 0
59 3 0 0 0 0 0 0 0 0
65 3 0 0 0 0 0 0 0 0
66 2 1 1 0 0 0 0 0 0
71 2 0 0 0 0 0 0 0 0
74 4 0 0 0 0 0 0 0 0
101 2 1 1 0 0 0 0 0 0
123 1 0 0 1 1 1 0 0 0
127 1 1 1 0 0 0 0 0 0
152 2 1 1 1 0 0 0 0 0
153 7 0 0 0 0 0 4 0 0
160 3 0 0 1 0 0 0 0 0
164 2 0 0 0 0 0 0 0 0
166 3 1 1 0 0 0 0 0 0
170 2 1 1 0 0 0 0 0 0
171 1 0 0 1 0 0 0 0 0
173 2 0 0 0 0 0 0 0 0
174 1 0 0 1 0 0 0 0 0
176 2 0 0 1 0 0 0 0 0
184 6 1 1 0 0 0 0 0 0
185 4 0 0 0 0 0 0 0 0
187 2 0 0 1 0 0 0 0 0
189 1 0 0 0 0 0 1 0 0
190 1 0 0 0 0 0 1 0 0
192 1 0 0 0 0 0 1 0 0
193 2 0 0 2 0 0 0 0 0
fl=/build/eglibc-SvCtMH/eglibc-2.19/csu/libc-start.c
fn=(below main)
133 10 1 1 0 0 0 8 0 0
137 7 2 2 1 0 0 1 0 0
219 2 0 0 0 0 0 0 0 0
220 4 0 0 0 0 0 1 0 0
242 6 0 0 2 0 0 0 0 0
245 2 0 0 0 0 0 0 0 0
246 5 1 1 4 0 0 1 0 0
250 4 0 0 2 0 0 0 0 0
265 2 0 0 0 0 0 0 0 0
274 2 0 0 0 0 0 1 0 0
275 2 1 1 0 0 0 0 0 0
280 2 0 0 1 1 0 1 0 0
281 2 0 0 1 0 0 1 0 0
284 2 0 0 0 0 0 1 0 0
287 6 0 0 5 0 0 1 0 0
321 2 1 0 0 0 0 1 0 0
fl=/build/eglibc-SvCtMH/eglibc-2.19/ctype/ctype-info.c
fn=__ctype_init
31 63 2 2 45 28 0 9 5 0
33 36 0 0 18 6 0 9 0 0
35 45 1 1 27 6 0 9 0 0
fl=/build/eglibc-SvCtMH/eglibc-2.19/debug/../libio/libioP.h
fn=__printf_chk
913 6 0 0 6 0 0 0 0 0
914 12 0 0 6 0 0 0 0 0
915 54 0 0 30 1 0 6 0 0
fl=/build/eglibc-SvCtMH/eglibc-2.19/debug/printf_chk.c
fn=__printf_chk
26 88 3 3 0 0 0 58 1 0
30 114 1 1 66 34 2 6 0 0
31 12 0 0 0 0 0 0 0 0
32 12 0 0 12 5 0 0 0 0
34 36 1 1 0 0 0 24 6 3
35 30 0 0 6 0 0 6 0 0
38 12 0 0 0 0 0 0 0 0
39 12 1 1 12 1 0 0 0 0
43 36 1 1 24 1 0 0 0 0
fl=/build/eglibc-SvCtMH/eglibc-2.19/elf/../elf/dl-runtime.c
fn=_dl_fixup
66 170 2 1 0 0 0 102 1 1
68 34 0 0 34 0 0 0 0 0
69 68 0 0 68 11 0 0 0 0
72 170 0 0 68 24 0 0 0 0
73 238 2 1 68 32 0 34 0 0
74 102 0 0 68 9 0 0 0 0
79 68 0 0 0 0 0 0 0 0
83 68 0 0 34 31 16 0 0 0
85 2 0 0 0 0 0 0 0 0
87 102 0 0 34 12 0 0 0 0
91 66 0 0 66 28 0 0 0 0
92 132 1 1 33 5 0 0 0 0
94 132 0 0 33 13 0 0 0 0
100 18 0 0 0 0 0 0 0 0
101 102 1 0 34 3 0 0 0 0
103 16 0 0 0 0 0 16 0 0
104 32 0 0 0 0 0 0 0 0
108 68 2 1 34 8 1 34 0 0
111 340 0 0 68 11 0 102 2 0
115 102 1 1 34 0 0 0 0 0
116 64 1 1 32 0 0 0 0 0
119 136 0 0 34 0 0 34 0 0
125 204 0 0 68 0 0 0 0 0
133 34 0 0 34 0 0 0 0 0
141 136 1 1 34 0 0 0 0 0
145 102 0 0 34 4 0 0 0 0
149 170 0 0 136 0 0 0 0 0
fl=/build/eglibc-SvCtMH/eglibc-2.19/elf/../elf/dl-sysdep.c
fn=_dl_sysdep_start
86 8 1 1 0 0 0 7 2 2
87 2 0 0 0 0 0 0 0 0
88 1 0 0 0 0 0 0 0 0
110 1 0 0 0 0 0 1 0 0
111 222 2 2 72 10 10 4 3 3
114 2 0 0 0 0 0 1 0 0
115 1 0 0 0 0 0 1 1 1
117 90 2 2 23 2 2 10 0 0
118 111 1 1 21 2 2 0 0 0
121 1 0 0 1 0 0 0 0 0
122 1 0 0 0 0 0 0 0 0
124 1 0 0 1 0 0 0 0 0
125 1 0 0 0 0 0 0 0 0
127 1 1 1 1 0 0 0 0 0
128 1 0 0 0 0 0 0 0 0
130 1 0 0 1 0 0 0 0 0
131 1 0 0 0 0 0 0 0 0
151 1 1 1 1 0 0 0 0 0
152 1 0 0 0 0 0 0 0 0
154 1 0 0 1 0 0 0 0 0
155 1 0 0 0 0 0 0 0 0
157 1 1 1 1 0 0 0 0 0
158 1 0 0 0 0 0 0 0 0
163 1 0 0 1 1 1 0 0 0
164 1 0 0 0 0 0 0 0 0
179 1 0 0 1 1 1 0 0 0
180 1 0 0 0 0 0 0 0 0
232 3 1 1 0 0 0 2 0 0
234 5 1 1 0 0 0 1 0 0
246 3 0 0 1 0 0 0 0 0
249 6 0 0 2 0 0 1 0 0
250 1 0 0 1 1 0 0 0 0
251 8 0 0 7 1 0 0 0 0
fn=_dl_sysdep_start_cleanup
256 1 1 1 1 0 0 0 0 0
fl=/build/eglibc-SvCtMH/eglibc-2.19/elf/../misc/sbrk.c
fn=sbrk
34 4 1 1 0 0 0 2 0 0
42 6 1 1 2 0 0 0 0 0
46 2 0 0 0 0 0 0 0 0
57 5 0 0 3 0 0 0 0 0
fl=/build/eglibc-SvCtMH/eglibc-2.19/elf/../string/bits/string2.h
fn=handle_ld_preload
961 423 1 1 53 0 0 0 0 0
962 109 0 0 0 0 0 0 0 0
963 105 0 0 0 0 0 0 0 0
fl=/build/eglibc-SvCtMH/eglibc-2.19/elf/../sysdeps/unix/sysv/linux/dl-osinfo.h
fn=security_init
61 2 0 0 0 0 0 0 0 0
84 2 1 1 1 0 0 1 0 0
86 1 0 0 1 0 0 0 0 0
93 1 0 0 1 0 0 0 0 0
101 2 0 0 0 0 0 0 0 0
112 1 1 1 1 0 0 0 0 0
fl=/build/eglibc-SvCtMH/eglibc-2.19/elf/../sysdeps/unix/sysv/linux/dl-sysdep.c
fn=_dl_discover_osversion
45 7 1 1 0 0 0 6 0 0
47 3 0 0 1 0 0 0 0 0
87 5 1 1 0 0 0 1 1 1
102 1 1 1 0 0 0 0 0 0
106 1 0 0 0 0 0 0 0 0
107 1 0 0 0 0 0 0 0 0
109 12 0 0 3 1 1 0 0 0
111 6 0 0 0 0 0 0 0 0
113 12 0 0 3 0 0 0 0 0
119 3 0 0 0 0 0 0 0 0
120 3 1 1 0 0 0 0 0 0
121 3 0 0 0 0 0 0 0 0
123 13 0 0 0 0 0 0 0 0
128 2 0 0 0 0 0 0 0 0
132 8 0 0 7 0 0 0 0 0
fn=_dl_sysdep_start
35 2 0 0 0 0 0 1 0 0
fl=/build/eglibc-SvCtMH/eglibc-2.19/elf/../sysdeps/unix/sysv/linux/dl-vdso.c
fn=_dl_vdso_vsym
26 5 0 0 0 0 0 0 0 0
27 10 1 1 10 3 0 0 0 0
28 10 1 1 5 0 0 0 0 0
31 10 0 0 0 0 0 0 0 0
fl=/build/eglibc-SvCtMH/eglibc-2.19/elf/../sysdeps/unix/sysv/linux/x86_64/brk.c
fn=brk
28 1 0 0 0 0 0 0 0 0
31 7 1 1 0 0 0 1 1 1
33 2 0 0 0 0 0 0 0 0
39 1 0 0 0 0 0 0 0 0
40 1 0 0 1 0 0 0 0 0
fl=/build/eglibc-SvCtMH/eglibc-2.19/elf/../sysdeps/x86_64/dl-irel.h
fn=_dl_fixup
32 3 2 2 0 0 0 1 0 0
fl=/build/eglibc-SvCtMH/eglibc-2.19/elf/../sysdeps/x86_64/dl-machine.h
fn=_dl_fixup
210 34 0 0 0 0 0 34 0 0
fn=_dl_relocate_object
71 20 1 1 5 0 0 0 0 0
77 8 1 1 8 2 0 0 0 0
81 12 0 0 4 4 4 0 0 0
87 4 0 0 0 0 0 4 0 0
95 12 0 0 4 0 0 0 0 0
108 8 0 0 0 0 0 4 0 0
111 16 1 1 4 3 0 0 0 0
244 232 0 0 0 0 0 0 0 0
265 232 0 0 0 0 0 0 0 0
269 232 0 0 0 0 0 0 0 0
276 4688 12 12 932 99 85 826 5 0
278 527 0 0 212 0 0 0 0 0
281 424 1 1 106 0 0 0 0 0
287 812 1 1 116 4 3 0 0 0
320 4 1 1 0 0 0 0 0 0
321 6 0 0 2 0 0 2 0 0
328 3 0 0 1 0 0 0 0 0
330 2 0 0 2 0 0 0 0 0
339 2 0 0 0 0 0 1 0 0
382 36 1 1 12 0 0 0 0 0
386 60 1 1 12 1 0 0 0 0
391 60 0 0 24 1 1 12 8 8
410 300 0 0 100 14 12 100 13 8
422 24 0 0 0 0 0 8 0 0
449 3 1 1 1 0 0 0 0 0
453 6 0 0 3 0 0 1 0 0
455 3 0 0 2 0 0 0 0 0
456 1 1 1 0 0 0 0 0 0
487 3768 0 0 1256 316 316 0 0 0
492 2512 0 0 0 0 0 0 0 0
493 3768 0 0 1256 156 156 1256 237 234
503 207 0 0 106 0 0 0 0 0
507 202 0 0 0 0 0 0 0 0
509 303 0 0 101 1 0 0 0 0
510 101 0 0 101 12 11 0 0 0
527 10 0 0 10 1 1 0 0 0
529 5 0 0 0 0 0 5 0 0
530 5 0 0 0 0 0 5 0 0
fn=_dl_start
58 3 0 0 1 1 1 0 0 0
241 10 0 0 0 0 0 0 0 0
269 20 0 0 0 0 0 0 0 0
278 40 0 0 20 2 2 0 0 0
281 40 0 0 10 6 6 0 0 0
287 61 0 0 10 1 1 0 0 0
391 10 1 1 10 2 2 0 0 0
400 10 0 0 0 0 0 10 2 2
492 20 0 0 10 1 1 0 0 0
493 30 0 0 10 1 1 10 2 2
fn=_dl_sysdep_start
200 5 0 0 2 1 1 0 0 0
fl=/build/eglibc-SvCtMH/eglibc-2.19/elf/../sysdeps/x86_64/dl-trampoline.S
fn=_dl_runtime_resolve
34 34 2 1 0 0 0 0 0 0
36 34 0 0 0 0 0 34 3 1
37 34 0 0 0 0 0 34 0 0
38 34 2 1 0 0 0 34 0 0
39 34 0 0 0 0 0 34 0 0
40 34 0 0 0 0 0 34 0 0
41 34 0 0 0 0 0 34 0 0
42 34 0 0 0 0 0 34 0 0
43 34 0 0 34 0 0 0 0 0
44 34 0 0 34 0 0 0 0 0
45 34 0 0 0 0 0 34 0 0
46 34 0 0 0 0 0 0 0 0
47 34 0 0 34 0 0 0 0 0
48 34 0 0 34 0 0 0 0 0
49 34 0 0 34 0 0 0 0 0
50 34 0 0 34 0 0 0 0 0
51 34 2 1 34 0 0 0 0 0
52 34 0 0 34 0 0 0 0 0
53 34 0 0 34 0 0 0 0 0
54 34 0 0 0 0 0 0 0 0
56 34 0 0 0 0 0 0 0 0
fl=/build/eglibc-SvCtMH/eglibc-2.19/elf/dl-addr.c
fn=_dl_addr
30 2 0 0 1 0 0 1 0 0
31 2 0 0 1 0 0 1 0 0
34 2 0 0 1 0 0 0 0 0
38 1 0 0 1 0 0 0 0 0
39 1 0 0 1 0 0 0 0 0
40 3 1 1 2 0 0 1 0 0
42 2 0 0 2 0 0 0 0 0
45 2 0 0 1 1 0 0 0 0
50 2029 0 0 2 0 0 0 0 0
52 1011 1 1 1011 59 17 0 0 0
53 2022 0 0 0 0 0 0 0 0
55 4930 0 0 905 0 0 0 0 0
61 11075 0 0 2215 474 426 0 0 0
63 8860 1 1 2215 0 0 0 0 0
64 16270 0 0 5089 353 317 0 0 0
69 2215 0 0 0 0 0 0 0 0
71 7656 1 1 2215 135 77 0 0 0
99 3 0 0 1 1 0 0 0 0
100 1 0 0 0 0 0 1 1 0
101 3 1 1 1 0 0 0 0 0
104 2 0 0 0 0 0 0 0 0
116 1 1 1 0 0 0 1 1 0
117 1 0 0 0 0 0 1 0 0
126 11 1 1 0 0 0 8 0 0
131 3 1 1 2 0 0 1 0 0
133 2 0 0 0 0 0 1 0 0
135 2 0 0 0 0 0 0 0 0
138 2 1 1 0 0 0 0 0 0
141 3 0 0 2 2 0 1 1 0
144 9 1 1 7 0 0 0 0 0
fl=/build/eglibc-SvCtMH/eglibc-2.19/elf/dl-altinit.c
fn=dlinit_alt
33 3 0 0 2 0 0 0 0 0
34 1 0 0 1 0 0 0 0 0
fl=/build/eglibc-SvCtMH/eglibc-2.19/elf/dl-cache.c
fn=_dl_cache_libcmp
138 63 1 1 42 18 18 0 0 0
139 256 0 0 0 0 0 0 0 0
141 372 0 0 0 0 0 0 0 0
143 132 1 1 0 0 0 0 0 0
149 12 0 0 0 0 0 0 0 0
150 8 0 0 0 0 0 0 0 0
151 16 0 0 4 0 0 0 0 0
153 20 1 1 4 0 0 0 0 0
155 8 0 0 0 0 0 0 0 0
161 240 1 1 0 0 0 0 0 0
163 446 0 0 206 0 0 0 0 0
164 17 0 0 0 0 0 0 0 0
167 103 0 0 0 0 0 0 0 0
168 103 0 0 0 0 0 0 0 0
171 8 0 0 0 0 0 0 0 0
172 42 0 0 21 0 0 0 0 0
fn=_dl_load_cache_lookup
182 16 1 1 0 0 0 12 0 0
190 4 0 0 2 0 0 0 0 0
193 6 0 0 2 0 0 0 0 0
196 5 1 1 0 0 0 1 1 1
204 5 1 1 1 0 0 0 0 0
205 6 0 0 0 0 0 1 0 0
209 1 0 0 0 0 0 1 0 0
212 4 0 0 1 0 0 0 0 0
215 2 0 0 0 0 0 1 0 0
216 3 1 1 0 0 0 0 0 0
217 5 0 0 0 0 0 1 0 0
219 2 0 0 0 0 0 0 0 0
238 4 0 0 1 0 0 0 0 0
244 6 1 1 2 0 0 0 0 0
253 10 0 0 4 0 0 2 0 0
259 8 1 1 0 0 0 4 0 0
263 14 0 0 4 0 0 4 0 0
264 12 0 0 6 0 0 0 0 0
278 495 9 9 69 18 18 25 0 0
294 4 1 1 2 0 0 0 0 0
299 18 0 0 14 0 0 0 0 0
fn=_dl_unload_cache
308 1 0 0 0 0 0 0 0 0
309 4 1 1 1 1 0 0 0 0
311 2 0 0 1 1 0 1 0 0
312 1 0 0 0 0 0 1 0 0
314 2 0 0 1 0 0 0 0 0
fl=/build/eglibc-SvCtMH/eglibc-2.19/elf/dl-debug.c
fn=_dl_debug_initialize
50 10 1 1 0 0 0 0 0 0
51 5 1 1 5 0 0 0 0 0
55 18 1 1 5 1 0 0 0 0
58 1 0 0 0 0 0 1 0 0
59 7 0 0 4 0 0 1 0 0
60 6 0 0 2 0 0 1 0 0
61 2 0 0 0 0 0 1 0 0
fn=_dl_debug_state
74 2 0 0 2 0 0 0 0 0
fl=/build/eglibc-SvCtMH/eglibc-2.19/elf/dl-deps.c
fn=_dl_map_object_deps
147 11 1 1 0 0 0 9 0 0
148 9 1 1 0 0 0 1 0 0
160 6 0 0 0 0 0 2 0 0
161 2 0 0 0 0 0 2 0 0
162 10 3 3 0 0 0 3 0 0
164 1 0 0 0 0 0 0 0 0
168 8 0 0 2 0 0 2 0 0
178 8 0 0 1 0 0 0 0 0
179 1 0 0 1 0 0 0 0 0
182 3 0 0 0 0 0 2 0 0
188 1 0 0 0 0 0 1 0 0
189 1 0 0 0 0 0 1 0 0
201 2 0 0 1 0 0 1 0 0
202 1 0 0 0 0 0 0 0 0
203 1 0 0 0 0 0 1 0 0
204 2 1 1 0 0 0 2 0 0
209 5 0 0 0 0 0 0 0 0
210 5 0 0 0 0 0 0 0 0
213 5 0 0 0 0 0 5 0 0
217 20 1 1 10 0 0 0 0 0
218 22 0 0 9 0 0 0 0 0
220 3 0 0 0 0 0 0 0 0
222 9 1 1 6 0 0 0 0 0
224 26 1 1 2 0 0 4 0 0
229 18 0 0 9 0 0 0 0 0
231 9 0 0 6 0 0 3 0 0
236 3 0 0 0 0 0 3 0 0
237 3 0 0 0 0 0 3 0 0
238 6 1 1 3 0 0 3 0 0
239 6 0 0 3 0 0 3 0 0
242 337 0 0 88 1 0 3 0 0
243 158 1 1 0 0 0 0 0 0
249 35 0 0 10 0 0 5 0 0
251 5 0 0 0 0 0 5 0 0
254 30 1 1 20 0 0 5 0 0
256 15 0 0 5 0 0 0 0 0
271 5 0 0 5 0 0 0 0 0
273 10 1 1 5 0 0 0 0 0
278 9 0 0 0 0 0 0 0 0
281 3 0 0 0 0 0 3 2 2
282 3 0 0 0 0 0 3 0 0
283 3 0 0 0 0 0 3 0 0
284 6 0 0 3 0 0 3 0 0
286 12 0 0 3 0 0 3 0 0
288 15 1 1 3 0 0 6 0 0
292 10 0 0 0 0 0 0 0 0
293 9 0 0 0 0 0 3 0 0
295 222 1 1 0 0 0 0 0 0
343 9 1 1 0 0 0 4 0 0
471 10 0 0 0 0 0 0 0 0
473 9 1 1 0 0 0 3 0 0
475 6 0 0 0 0 0 3 0 0
476 6 0 0 0 0 0 0 0 0
477 6 0 0 0 0 0 0 0 0
480 3 0 0 0 0 0 3 1 1
481 18 0 0 0 0 0 3 0 0
482 15 0 0 0 0 0 3 0 0
485 3 0 0 0 0 0 3 0 0
486 3 0 0 3 0 0 0 0 0
490 20 1 1 10 0 0 0 0 0
492 5 1 1 5 0 0 0 0 0
493 22 0 0 4 0 0 0 0 0
497 6 0 0 2 0 0 0 0 0
498 2 1 1 1 0 0 1 0 0
501 5 0 0 2 0 0 1 0 0
511 2 0 0 0 0 0 1 0 0
512 3 1 1 1 0 0 0 0 0
514 2 0 0 0 0 0 0 0 0
519 7 0 0 2 0 0 1 0 0
520 4 1 1 1 0 0 1 0 0
522 28 1 1 11 0 0 1 0 0
528 15 0 0 5 0 0 5 2 2
532 10 0 0 10 0 0 0 0 0
535 2 0 0 1 0 0 0 0 0
586 6 0 0 3 0 0 1 0 0
587 1 0 0 0 0 0 1 0 0
588 3 0 0 1 0 0 0 0 0
623 7 2 2 1 0 0 2 0 0
625 3 0 0 0 0 0 0 0 0
629 19 1 1 8 0 0 3 0 0
630 8 2 2 0 0 0 2 0 0
631 3 0 0 1 0 0 1 0 0
635 4 0 0 4 0 0 0 0 0
636 8 0 0 4 0 0 0 0 0
642 27 0 0 4 0 0 0 0 0
644 24 1 1 12 0 0 0 0 0
645 15 0 0 0 0 0 0 0 0
647 30 0 0 10 0 0 0 0 0
648 21 0 0 0 0 0 0 0 0
658 2 1 1 2 0 0 0 0 0
670 6 0 0 0 0 0 0 0 0
673 12 0 0 4 0 0 0 0 0
676 51 0 0 13 0 0 13 0 0
683 2 0 0 1 0 0 1 0 0
685 2 0 0 1 0 0 1 0 0
686 1 0 0 1 0 0 0 0 0
687 3 1 1 1 0 0 0 0 0
694 3 0 0 1 0 0 0 0 0
697 2 0 0 0 0 0 0 0 0
700 8 0 0 7 0 0 0 0 0
fn=openaux
60 10 1 1 0 0 0 5 0 0
63 50 1 1 20 0 0 10 1 1
64 10 0 0 5 0 0 0 0 0
67 5 0 0 5 0 0 0 0 0
68 10 0 0 10 0 0 0 0 0
fl=/build/eglibc-SvCtMH/eglibc-2.19/elf/dl-environ.c
fn=_dl_next_ld_env_entry
30 2 1 1 2 0 0 0 0 0
31 1 0 0 0 0 0 0 0 0
33 214 0 0 71 0 0 0 0 0
35 140 1 1 70 34 34 0 0 0
36 19 0 0 9 0 0 0 0 0
38 1 0 0 0 0 0 0 0 0
41 2 0 0 0 0 0 1 0 0
43 1 0 0 1 0 0 0 0 0
46 69 0 0 0 0 0 0 0 0
50 1 0 0 1 0 0 0 0 0
fl=/build/eglibc-SvCtMH/eglibc-2.19/elf/dl-error.c
fn=_dl_catch_error
163 24 1 1 0 0 0 18 0 0
175 12 0 0 0 0 0 12 4 4
176 12 1 1 0 0 0 12 0 0
177 12 0 0 0 0 0 12 0 0
178 12 0 0 0 0 0 6 0 0
180 12 0 0 6 0 0 12 1 1
181 12 0 0 6 0 0 6 0 0
182 12 0 0 0 0 0 6 0 0
185 36 1 1 0 0 0 6 0 0
187 18 0 0 12 0 0 6 0 0
188 18 0 0 12 0 0 6 0 0
189 12 0 0 6 0 0 6 0 0
190 12 0 0 6 0 0 6 0 0
191 12 1 1 6 0 0 6 0 0
199 24 0 0 12 0 0 0 0 0
fn=_dl_receive_error
205 10 0 0 0 0 0 6 0 0
206 2 0 0 1 0 0 1 0 0
210 1 0 0 1 0 0 0 0 0
211 1 1 1 1 0 0 0 0 0
214 1 0 0 0 0 0 1 0 0
215 1 0 0 0 0 0 1 0 0
217 2 0 0 0 0 0 1 0 0
219 1 0 0 0 0 0 1 0 0
220 1 0 0 0 0 0 1 0 0
221 8 0 0 7 0 0 0 0 0
fl=/build/eglibc-SvCtMH/eglibc-2.19/elf/dl-fini.c
fn=_dl_fini
131 8 1 1 0 0 0 6 0 0
143 1 0 0 0 0 0 0 0 0
144 1 0 0 0 0 0 1 0 0
150 1 0 0 0 0 0 1 0 0
153 12 1 1 2 1 0 2 0 0
156 2 1 1 1 1 0 1 0 0
159 2 0 0 2 1 0 0 0 0
162 2 0 0 0 0 0 0 0 0
164 6 0 0 3 1 0 0 0 0
171 2 0 0 1 0 0 0 0 0
175 4 1 1 1 0 0 0 0 0
177 2 0 0 1 0 0 0 0 0
180 9 0 0 0 0 0 1 0 0
183 2 0 0 0 0 0 1 0 0
191 15 0 0 5 1 0 0 0 0
193 10 1 1 5 5 0 0 0 0
195 10 0 0 5 0 0 0 0 0
197 15 0 0 5 0 0 5 0 0
198 5 0 0 0 0 0 5 5 0
199 5 0 0 5 0 0 0 0 0
203 5 0 0 5 4 0 0 0 0
205 2 1 1 1 0 0 0 0 0
210 6 0 0 2 0 0 1 0 0
219 2 0 0 1 0 0 1 0 0
223 15 0 0 6 0 0 0 0 0
225 5 0 0 5 0 0 0 0 0
227 15 1 1 5 0 0 0 0 0
230 10 0 0 0 0 0 5 0 0
233 15 0 0 5 5 0 0 0 0
234 4 1 1 2 2 0 0 0 0
237 6 0 0 3 0 0 0 0 0
244 6 0 0 0 0 0 0 0 0
248 6 0 0 6 3 0 0 0 0
249 3 0 0 3 0 0 0 0 0
250 6 1 1 3 0 0 0 0 0
251 18 0 0 0 0 0 0 0 0
252 6 0 0 3 3 0 3 0 0
256 9 0 0 3 3 0 0 0 0
257 9 0 0 6 3 0 3 0 0
262 30 1 1 10 1 0 0 0 0
278 10 0 0 5 0 0 0 0 0
283 6 0 0 2 0 0 0 0 0
289 2 1 1 1 0 0 0 0 0
296 8 0 0 7 0 0 0 0 0
fn=_dl_sort_fini
32 13 2 2 0 0 0 10 0 0
34 2 0 0 0 0 0 0 0 0
39 4 0 0 0 0 0 1 0 0
40 6 1 1 0 0 0 1 0 0
41 3 0 0 1 0 0 1 0 0
45 12 0 0 4 0 0 4 0 0
46 12 0 0 4 0 0 0 0 0
50 20 1 1 8 0 0 0 0 0
56 16 0 0 5 0 0 1 0 0
57 23 0 0 0 0 0 0 0 0
59 24 0 0 12 3 0 0 0 0
60 15 0 0 0 0 0 0 0 0
62 30 0 0 10 2 0 0 0 0
63 21 0 0 0 0 0 0 0 0
93 18 1 1 6 0 0 0 0 0
114 6 0 0 0 0 0 0 0 0
118 21 0 0 4 0 0 0 0 0
121 40 1 1 16 0 0 9 0 0
125 8 1 1 7 0 0 0 0 0
fl=/build/eglibc-SvCtMH/eglibc-2.19/elf/dl-hwcaps.c
fn=_dl_important_hwcaps
39 12 1 1 0 0 0 10 2 2
41 1 0 0 1 0 0 0 0 0
42 4 0 0 0 0 0 1 0 0
51 3 1 1 1 0 0 0 0 0
61 4 1 1 1 0 0 1 0 0
92 2 1 1 0 0 0 0 0 0
113 1 1 1 0 0 0 0 0 0
115 5 0 0 0 0 0 1 0 0
130 6 1 1 0 0 0 0 0 0
131 2 0 0 0 0 0 0 0 0
133 2 0 0 0 0 0 0 0 0
145 2 1 1 0 0 0 0 0 0
162 2 1 1 0 0 0 0 0 0
170 2 1 1 1 0 0 0 0 0
172 4 0 0 1 0 0 1 0 0
173 4 0 0 1 0 0 1 0 0
177 3 1 1 0 0 0 1 0 0
178 1 0 0 0 0 0 1 0 0
181 2 0 0 0 0 0 0 0 0
184 2 0 0 0 0 0 0 0 0
188 12 1 1 2 0 0 3 0 0
189 2 0 0 0 0 0 0 0 0
207 12 2 2 1 0 0 6 0 0
208 5 0 0 0 0 0 1 0 0
209 4 1 1 2 0 0 0 0 0
238 3 0 0 0 0 0 2 0 0
241 2 0 0 0 0 0 0 0 0
243 5 1 1 2 0 0 2 0 0
244 7 0 0 2 0 0 4 0 0
269 19 2 2 3 0 0 0 0 0
270 8 0 0 0 0 0 4 0 0
274 12 1 1 0 0 0 0 0 0
277 28 0 0 0 0 0 0 0 0
278 24 1 1 0 0 0 0 0 0
279 12 0 0 8 0 0 0 0 0
281 4 0 0 0 0 0 0 0 0
284 3 0 0 1 0 0 0 0 0
285 1 0 0 0 0 0 0 0 0
286 12 1 1 3 0 0 0 0 0
299 6 0 0 2 0 0 2 0 0
300 2 0 0 0 0 0 0 0 0
302 4 0 0 0 0 0 0 0 0
305 3 0 0 2 0 0 1 0 0
307 1 0 0 0 0 0 0 0 0
308 8 0 0 7 0 0 0 0 0
fl=/build/eglibc-SvCtMH/eglibc-2.19/elf/dl-init.c
fn=_dl_init
36 33 1 1 6 0 0 5 0 0
86 11 1 1 0 0 0 6 0 0
87 1 0 0 1 1 0 0 0 0
88 1 0 0 1 0 0 0 0 0
91 3 1 1 1 0 0 0 0 0
94 2 0 0 0 0 0 1 0 0
98 4 0 0 1 0 0 0 0 0
125 18 0 0 0 0 0 0 0 0
126 15 0 0 10 0 0 0 0 0
132 8 0 0 7 0 0 0 0 0
fn=call_init.part.0
34 45 1 1 0 0 0 25 0 0
42 15 0 0 5 0 0 5 0 0
45 20 0 0 10 1 0 0 0 0
46 3 0 0 0 0 0 0 0 0
50 12 0 0 4 2 0 0 0 0
51 2 0 0 1 1 0 0 0 0
55 6 1 1 3 0 0 0 0 0
63 6 0 0 0 0 0 0 0 0
64 18 0 0 6 3 0 3 0 0
67 3 0 0 3 2 0 0 0 0
68 6 0 0 0 0 0 0 0 0
74 9 0 0 6 0 0 0 0 0
76 6 0 0 6 0 0 0 0 0
77 25 1 1 0 0 0 0 0 0
78 25 0 0 5 0 0 5 0 0
80 30 1 1 30 0 0 0 0 0
fl=/build/eglibc-SvCtMH/eglibc-2.19/elf/dl-load.c
fn=_dl_init_paths
714 9 2 2 0 0 0 6 0 0
727 6 0 0 2 0 0 2 0 0
731 1 0 0 0 0 0 1 0 0
732 3 0 0 0 0 0 1 0 0
733 2 0 0 0 0 0 0 0 0
740 5 1 1 0 0 0 0 0 0
741 5 0 0 1 0 0 2 0 0
744 1 0 0 0 0 0 1 0 0
745 2 0 0 0 0 0 1 0 0
747 3 1 1 1 0 0 0 0 0
753 1 0 0 0 0 0 1 0 0
754 1 0 0 0 0 0 1 0 0
762 13 0 0 0 0 0 3 1 1
764 8 0 0 0 0 0 4 0 0
765 7 0 0 0 0 0 4 3 3
767 8 2 2 0 0 0 4 0 0
768 14 0 0 3 1 1 4 1 1
769 33 1 1 4 0 0 13 0 0
772 9 0 0 3 1 1 0 0 0
776 27 0 0 15 0 0 5 0 0
782 1 0 0 0 0 0 1 1 1
783 1 0 0 0 0 0 1 0 0
787 1 1 1 1 0 0 0 0 0
788 2 0 0 0 0 0 0 0 0
790 4 1 1 1 0 0 0 0 0
792 3 0 0 1 0 0 0 0 0
809 1 1 1 0 0 0 1 0 0
811 3 1 1 1 0 0 0 0 0
825 2 1 1 0 0 0 1 0 0
830 2 1 1 0 0 0 0 0 0
885 1 0 0 0 0 0 1 0 0
886 8 0 0 7 0 0 0 0 0
fn=_dl_map_object
161 8 0 0 0 0 0 4 0 0
162 4 1 1 0 0 0 2 0 0
164 6 0 0 2 0 0 0 0 0
167 8 0 0 2 0 0 2 0 0
691 18 2 2 6 0 0 0 0 0
2317 60 1 1 0 0 0 48 5 5
2324 12 0 0 0 0 0 0 0 0
2325 12 1 1 6 1 1 0 0 0
2328 99 0 0 21 0 0 0 0 0
2333 54 1 1 18 0 0 0 0 0
2334 36 0 0 0 0 0 0 0 0
2336 93 0 0 0 0 0 18 2 2
2340 30 0 0 15 0 0 0 0 0
2341 45 1 1 15 0 0 0 0 0
2344 6 0 0 6 0 0 0 0 0
2345 12 0 0 12 0 0 0 0 0
2346 24 0 0 0 0 0 6 0 0
2362 6 1 1 3 0 0 0 0 0
2372 18 0 0 3 0 0 3 0 0
2396 3 0 0 0 0 0 3 2 2
2398 15 0 0 0 0 0 3 0 0
2402 8 2 2 0 0 0 4 0 0
2404 4 0 0 2 0 0 0 0 0
2411 8 0 0 2 0 0 0 0 0
2415 4 1 1 2 0 0 2 0 0
2416 6 0 0 0 0 0 2 0 0
2420 6 0 0 2 0 0 0 0 0
2421 2 0 0 0 0 0 0 0 0
2423 22 1 1 0 0 0 8 0 0
2435 8 1 1 6 0 0 0 0 0
2436 14 2 2 4 0 0 0 0 0
2437 2 0 0 0 0 0 0 0 0
2446 10 0 0 2 0 0 0 0 0
2453 12 1 1 0 0 0 4 0 0
2454 2 0 0 0 0 0 0 0 0
2456 4 1 1 2 0 0 2 0 0
2462 8 0 0 0 0 0 2 0 0
2464 6 1 1 2 0 0 0 0 0
2468 6 0 0 0 0 0 4 0 0
2470 4 0 0 0 0 0 0 0 0
2474 6 0 0 2 0 0 0 0 0
2482 4 0 0 2 0 0 0 0 0
2504 18 1 1 4 0 0 2 0 0
2507 6 0 0 0 0 0 2 0 0
2509 2 0 0 0 0 0 2 0 0
2510 6 0 0 2 0 0 0 0 0
2530 4 1 1 2 0 0 0 0 0
2536 1 0 0 0 0 0 1 0 0
2538 6 1 1 0 0 0 1 0 0
2539 3 0 0 0 0 0 0 0 0
2540 1 0 0 0 0 0 0 0 0
2543 7 0 0 0 0 0 1 0 0
2546 2 1 1 0 0 0 0 0 0
2558 12 0 0 3 0 0 0 0 0
2560 6 0 0 0 0 0 0 0 0
2604 6 0 0 3 0 0 3 0 0
2605 36 1 1 6 0 0 12 0 0
2607 48 0 0 42 0 0 0 0 0
fn=_dl_map_object_from_fd
474 2 1 1 1 0 0 0 0 0
923 45 2 2 0 0 0 30 1 1
934 12 0 0 3 0 0 6 2 2
935 3 1 1 0 0 0 3 0 0
938 18 1 1 0 0 0 3 0 0
949 48 0 0 15 0 0 0 0 0
950 45 1 1 24 2 2 0 0 0
967 6 1 1 3 0 0 0 0 0
992 6 0 0 3 0 0 0 0 0
1002 6 0 0 3 0 0 0 0 0
1024 12 0 0 6 0 0 0 0 0
1056 6 0 0 0 0 0 0 0 0
1059 24 0 0 12 0 0 3 0 0
1060 6 0 0 0 0 0 0 0 0
1071 9 1 1 6 0 0 3 2 2
1072 9 0 0 6 0 0 3 0 0
1073 6 0 0 3 0 0 3 0 0
1075 15 0 0 0 0 0 0 0 0
1076 12 1 1 6 0 0 0 0 0
1077 3 0 0 0 0 0 0 0 0
1092 3 0 0 0 0 0 3 0 0
1101 36 1 1 6 0 0 9 0 0
1102 3 0 0 0 0 0 0 0 0
1103 3 0 0 0 0 0 0 0 0
1109 217 0 0 0 0 0 0 0 0
1110 205 1 1 26 1 1 0 0 0
1116 6 0 0 3 0 0 3 0 0
1117 9 1 1 3 0 0 3 0 0
1118 3 0 0 0 0 0 0 0 0
1121 4 0 0 2 0 0 2 0 0
1122 2 0 0 0 0 0 0 0 0
1127 30 1 1 12 0 0 0 0 0
1133 36 1 1 12 0 0 0 0 0
1134 6 0 0 0 0 0 0 0 0
1141 30 0 0 6 0 0 0 0 0
1142 24 1 1 0 0 0 6 3 3
1143 18 0 0 6 0 0 0 0 0
1144 12 0 0 0 0 0 6 0 0
1145 6 0 0 0 0 0 6 0 0
1146 12 0 0 6 0 0 6 1 1
1147 12 0 0 0 0 0 6 0 0
1151 12 0 0 0 0 0 0 0 0
1152 9 0 0 3 0 0 0 0 0
1157 42 0 0 6 0 0 6 2 2
1167 6 0 0 0 0 0 0 0 0
1170 3 1 1 1 0 0 0 0 0
1174 1 0 0 0 0 0 1 1 1
1175 2 0 0 1 0 0 1 0 0
1176 2 0 0 0 0 0 0 0 0
1177 1 0 0 0 0 0 0 0 0
1179 3 0 0 1 0 0 1 0 0
1180 2 1 1 1 0 0 1 0 0
1183 2 0 0 1 0 0 1 0 0
1187 4 0 0 1 0 0 0 0 0
1193 3 0 0 1 0 0 2 1 1
1194 1 0 0 0 0 0 0 0 0
1198 12 0 0 3 0 0 3 0 0
1206 15 1 1 0 0 0 0 0 0
1250 6 1 1 3 0 0 3 0 0
1251 12 1 1 0 0 0 0 0 0
1254 6 0 0 3 0 0 3 1 1
1255 9 0 0 6 0 0 3 0 0
1256 3 0 0 0 0 0 0 0 0
1259 9 0 0 0 0 0 0 0 0
1272 24 1 1 15 0 0 3 0 0
1274 6 0 0 3 0 0 0 0 0
1288 3 0 0 3 0 0 0 0 0
1293 21 1 1 12 0 0 6 2 2
1297 6 0 0 0 0 0 0 0 0
1304 9 0 0 3 0 0 3 0 0
1305 9 0 0 6 0 0 3 0 0
1307 6 1 1 0 0 0 0 0 0
1313 18 1 1 3 0 0 3 0 0
1314 3 2 1 3 0 0 0 0 0
1317 3 0 0 3 0 0 0 0 0
1319 3 0 0 3 0 0 0 0 0
1340 30 1 1 6 0 0 0 0 0
1342 12 0 0 6 0 0 0 0 0
1344 30 0 0 12 0 0 3 0 0
1352 18 0 0 6 0 0 0 0 0
1353 9 0 0 6 0 0 3 0 0
1355 12 0 0 6 1 1 0 0 0
1356 5 1 1 3 0 0 0 0 0
1357 6 0 0 2 0 0 0 0 0
1358 5 1 1 1 0 0 0 0 0
1360 4 0 0 0 0 0 1 0 0
1363 24 1 1 12 0 0 0 0 0
1369 6 0 0 3 0 0 0 0 0
1370 3 0 0 0 0 0 0 0 0
1371 15 0 0 3 0 0 0 0 0
1372 6 0 0 0 0 0 0 0 0
1379 6 0 0 0 0 0 0 0 0
1382 6 0 0 0 0 0 0 0 0
1393 21 0 0 0 0 0 9 0 0
1394 15 0 0 9 0 0 0 0 0
1399 6 0 0 0 0 0 0 0 0
1403 16 0 0 2 0 0 2 0 0
1406 4 0 0 0 0 0 0 0 0
1414 6 1 1 0 0 0 0 0 0
1418 12 0 0 6 0 0 0 0 0
1427 9 0 0 3 0 0 3 0 0
1433 6 0 0 0 0 0 0 0 0
1449 9 0 0 3 0 0 0 0 0
1468 6 0 0 3 0 0 3 0 0
1470 15 1 1 6 0 0 0 0 0
1525 9 0 0 3 2 2 0 0 0
1526 2 0 0 1 0 0 1 0 0
1529 12 0 0 3 0 0 3 0 0
1537 21 3 3 3 0 0 0 0 0
1540 12 0 0 6 0 0 3 0 0
1542 6 0 0 3 0 0 0 0 0
1558 6 1 1 0 0 0 3 0 0
1562 6 0 0 3 0 0 0 0 0
1563 6 0 0 3 0 0 0 0 0
1580 6 0 0 3 0 0 0 0 0
1581 2 0 0 0 0 0 2 0 0
1584 6 0 0 3 0 0 3 0 0
1585 6 1 1 3 0 0 3 0 0
1589 6 0 0 3 0 0 0 0 0
1599 9 0 0 3 0 0 3 0 0
1603 12 0 0 3 0 0 0 0 0
1623 24 1 1 21 0 0 0 0 0
fn=expand_dynamic_string_token
161 3 0 0 0 0 0 1 0 0
162 2 0 0 0 0 0 1 0 0
164 2 0 0 0 0 0 0 0 0
167 4 1 1 0 0 0 0 0 0
415 8 2 2 0 0 0 5 0 0
425 5 0 0 0 0 0 1 1 1
440 5 0 0 5 0 0 0 0 0
fn=open_verify
1873 12 1 1 0 0 0 8 0 0
1909 3 0 0 1 0 0 0 0 0
1930 5 1 1 1 0 0 2 0 0
1931 2 0 0 0 0 0 0 0 0
1941 1 0 0 0 0 0 1 0 0
1942 2 0 0 0 0 0 1 0 0
1947 6 1 1 1 0 0 1 0 0
1949 2 0 0 0 0 0 0 0 0
1951 3 0 0 1 0 0 1 0 0
1953 2 0 0 0 0 0 0 0 0
1959 2 0 0 0 0 0 0 0 0
1975 11 1 1 0 0 0 1 0 0
1977 1 0 0 1 0 0 0 0 0
1979 4 0 0 0 0 0 1 0 0
2006 3 1 1 2 0 0 0 0 0
2050 2 0 0 1 1 1 0 0 0
2055 2 1 1 1 0 0 0 0 0
2058 4 0 0 1 0 0 0 0 0
2063 2 0 0 1 0 0 0 0 0
2070 5 0 0 1 0 0 0 0 0
2071 4 1 1 1 0 0 0 0 0
2072 1 0 0 0 0 0 0 0 0
2087 61 0 0 0 0 0 0 0 0
2089 19 1 1 9 5 5 0 0 0
2093 4 0 0 2 0 0 0 0 0
2094 2 0 0 0 0 0 0 0 0
2103 6 2 2 0 0 0 1 0 0
2106 1 0 0 0 0 0 0 0 0
2107 3 0 0 1 0 0 0 0 0
2108 3 0 0 1 0 0 0 0 0
2110 3 0 0 0 0 0 0 0 0
2154 8 1 1 7 0 0 0 0 0
fn=open_verify.constprop.6
1871 22 1 1 0 0 0 14 0 0
1909 6 0 0 2 0 0 0 0 0
1930 10 0 0 2 0 0 4 0 0
1931 4 1 1 0 0 0 0 0 0
1941 2 0 0 0 0 0 2 0 0
1942 4 0 0 0 0 0 2 0 0
1947 12 0 0 2 0 0 2 0 0
1949 4 0 0 0 0 0 0 0 0
1951 6 0 0 2 0 0 2 0 0
1953 4 1 1 0 0 0 0 0 0
1959 4 0 0 0 0 0 0 0 0
1975 22 0 0 0 0 0 2 0 0
1977 2 0 0 2 0 0 0 0 0
1979 8 1 1 0 0 0 2 0 0
2050 4 0 0 2 0 0 0 0 0
2055 4 0 0 2 0 0 0 0 0
2058 8 1 1 2 0 0 0 0 0
2063 4 0 0 2 0 0 0 0 0
2070 14 1 1 2 0 0 0 0 0
2071 8 0 0 2 0 0 0 0 0
2072 2 0 0 0 0 0 0 0 0
2087 90 0 0 0 0 0 0 0 0
2089 34 1 1 16 6 6 0 0 0
2093 8 0 0 4 0 0 0 0 0
2094 4 0 0 0 0 0 0 0 0
2103 24 1 1 0 0 0 4 0 0
2106 2 0 0 0 0 0 0 0 0
2107 6 0 0 2 0 0 0 0 0
2108 6 0 0 2 0 0 0 0 0
2110 6 0 0 0 0 0 0 0 0
2115 2 0 0 0 0 0 0 0 0
2116 2 0 0 0 0 0 0 0 0
2119 4 1 1 0 0 0 0 0 0
2122 6 0 0 2 0 0 0 0 0
2123 10 0 0 2 0 0 0 0 0
2124 4 0 0 2 1 1 0 0 0
2125 6 0 0 2 0 0 0 0 0
2126 12 0 0 4 0 0 0 0 0
2154 16 1 1 14 0 0 0 0 0
fl=/build/eglibc-SvCtMH/eglibc-2.19/elf/dl-lookup.c
fn=_dl_lookup_symbol_x
475 270 1 1 0 0 0 0 0 0
476 8154 0 0 1971 114 93 135 0 0
477 7344 0 0 0 0 0 0 0 0
714 1890 1 1 0 0 0 1080 19 4
716 270 1 1 0 0 0 135 2 0
717 270 0 0 0 0 0 270 0 0
720 135 0 0 135 7 0 0 0 0
724 516 0 0 123 0 0 0 0 0
728 270 1 1 0 0 0 135 0 0
729 270 0 0 135 0 0 0 0 0
731 270 0 0 270 15 0 0 0 0
735 1120 1 1 10 0 0 270 0 0
737 1755 1 1 810 0 0 945 10 1
740 270 0 0 0 0 0 0 0 0
743 10 0 0 0 0 0 0 0 0
766 270 0 0 135 0 0 0 0 0
768 70 2 2 20 0 0 0 0 0
784 10 0 0 0 0 0 10 0 0
785 20 0 0 0 0 0 0 0 0
788 125 0 0 125 0 0 0 0 0
789 875 0 0 250 0 0 0 0 0
815 125 1 1 0 0 0 0 0 0
824 625 0 0 125 0 0 0 0 0
838 375 0 0 125 13 1 0 0 0
839 2 1 1 0 0 0 1 0 0
841 500 0 0 250 0 0 0 0 0
846 125 1 1 0 0 0 125 0 0
848 1080 0 0 945 0 0 0 0 0
fn=_dl_setup_hash
859 15 1 1 5 0 0 0 0 0
863 5 0 0 5 0 0 0 0 0
867 10 0 0 5 5 5 5 1 1
868 5 0 0 5 0 0 0 0 0
869 5 0 0 5 1 1 0 0 0
871 15 0 0 0 0 0 0 0 0
872 5 0 0 0 0 0 5 0 0
873 15 1 1 5 0 0 5 0 0
875 5 0 0 0 0 0 5 0 0
876 10 0 0 0 0 0 0 0 0
878 5 0 0 0 0 0 5 0 0
879 5 0 0 0 0 0 0 0 0
880 20 0 0 0 0 0 5 0 0
881 5 0 0 5 0 0 0 0 0
fn=check_match.9481
131 875 2 1 0 0 0 500 2 1
132 250 0 0 125 43 19 0 0 0
134 500 2 1 250 14 11 0 0 0
136 375 0 0 125 0 0 0 0 0
146 375 0 0 125 0 0 125 15 2
149 586 0 0 293 0 0 56 0 0
153 250 1 1 250 0 0 0 0 0
154 375 0 0 125 0 0 0 0 0
156 246 0 0 0 0 0 0 0 0
175 246 0 0 246 37 17 0 0 0
176 984 0 0 369 17 0 0 0 0
177 615 1 1 246 12 0 123 0 0
204 4 0 0 0 0 0 0 0 0
206 12 0 0 4 1 0 0 0 0
207 8 0 0 2 0 0 0 0 0
222 875 1 1 625 0 0 0 0 0
fn=do_lookup_x
77 1080 0 0 405 0 0 675 10 1
82 1620 2 2 270 0 0 945 17 2
83 135 0 0 135 2 0 0 0 0
89 135 0 0 135 0 0 0 0 0
95 557 0 0 0 0 0 557 0 0
96 557 0 0 0 0 0 557 0 0
98 1671 0 0 1114 34 0 557 0 0
101 1114 0 0 0 0 0 0 0 0
105 1122 0 0 561 0 0 0 0 0
109 1112 1 1 556 26 0 0 0 0
113 1112 0 0 556 4 0 0 0 0
119 1668 0 0 556 16 0 0 0 0
123 1112 0 0 1112 50 0 0 0 0
124 1668 1 1 1112 7 0 556 0 0
225 556 0 0 556 0 0 0 0 0
226 1112 0 0 0 0 0 0 0 0
228 556 0 0 556 94 38 0 0 0
229 270 0 0 0 0 0 0 0 0
230 1112 0 0 556 0 0 0 0 0
232 540 2 1 0 0 0 0 0 0
233 2224 0 0 556 0 0 0 0 0
236 2224 1 1 0 0 0 0 0 0
237 1668 0 0 0 0 0 0 0 0
239 274 0 0 274 77 56 0 0 0
240 548 2 1 0 0 0 0 0 0
241 274 1 1 0 0 0 0 0 0
243 402 0 0 134 0 0 0 0 0
246 1355 0 0 271 95 67 0 0 0
248 1000 0 0 250 0 0 250 0 0
249 1000 1 1 0 0 0 625 0 0
250 625 1 1 375 0 0 0 0 0
253 438 0 0 0 0 0 0 0 0
257 431 0 0 0 0 0 431 0 0
281 862 0 0 431 0 0 0 0 0
286 936 1 1 125 0 0 0 0 0
290 298 1 1 16 3 0 125 0 0
303 250 0 0 125 0 0 125 0 0
304 250 0 0 125 0 0 125 0 0
305 125 0 0 0 0 0 0 0 0
461 2418 0 0 806 3 0 0 0 0
462 1584 0 0 576 0 0 576 2 0
465 1296 1 1 0 0 0 0 0 0
468 20 0 0 0 0 0 0 0 0
469 1080 0 0 945 0 0 0 0 0
fl=/build/eglibc-SvCtMH/eglibc-2.19/elf/dl-minimal.c
fn=__libc_memalign
51 96 1 1 0 0 0 48 1 1
52 118 1 1 47 0 0 0 0 0
57 3 0 0 0 0 0 1 0 0
58 3 1 1 1 0 0 0 0 0
59 1 0 0 0 0 0 0 0 0
63 72 0 0 0 0 0 24 0 0
64 24 0 0 0 0 0 0 0 0
66 156 0 0 0 0 0 0 0 0
70 12 1 1 3 0 0 0 0 0
71 9 0 0 0 0 0 0 0 0
77 21 0 0 0 0 0 3 0 0
79 15 0 0 6 0 0 0 0 0
83 9 0 0 0 0 0 3 0 0
86 24 0 0 0 0 0 24 0 0
87 24 0 0 0 0 0 24 0 0
89 183 1 1 72 0 0 0 0 0
fn=calloc
102 10 1 1 0 0 0 0 0 0
106 10 0 0 0 0 0 0 0 0
109 50 0 0 0 0 0 0 0 0
113 10 0 0 0 0 0 0 0 0
fn=malloc
93 23 0 0 0 0 0 0 0 0
94 46 0 0 0 0 0 0 0 0
fl=/build/eglibc-SvCtMH/eglibc-2.19/elf/dl-misc.c
fn=_dl_name_match_p
288 915 1 1 0 0 0 366 2 0
289 732 0 0 183 6 0 183 4 1
290 191 0 0 0 0 0 0 0 0
292 183 1 1 183 0 0 0 0 0
294 732 0 0 0 0 0 0 0 0
295 955 0 0 191 16 0 191 0 0
298 183 0 0 183 0 0 0 0 0
300 175 0 0 0 0 0 0 0 0
301 915 1 1 549 0 0 0 0 0
fn=_dl_sysdep_read_whole_file
45 7 1 1 0 0 0 4 1 1
46 1 0 0 0 0 0 0 0 0
52 4 0 0 0 0 0 1 1 1
53 2 0 0 0 0 0 0 0 0
55 6 0 0 0 0 0 1 0 0
57 2 1 1 1 1 1 1 1 1
60 2 0 0 0 0 0 0 0 0
62 8 1 1 0 0 0 1 0 0
73 2 0 0 0 0 0 1 0 0
76 7 0 0 5 0 0 0 0 0
fl=/build/eglibc-SvCtMH/eglibc-2.19/elf/dl-object.c
fn=_dl_add_to_namespace_list
32 20 2 2 0 0 0 8 0 0
34 8 0 0 4 0 0 4 0 0
36 29 0 0 4 0 0 0 0 0
39 27 0 0 9 0 0 0 0 0
40 6 0 0 0 0 0 0 0 0
41 3 0 0 0 0 0 3 0 0
43 3 0 0 0 0 0 3 0 0
46 2 1 1 0 0 0 1 0 0
47 12 0 0 4 0 0 0 0 0
48 8 0 0 4 0 0 4 0 0
49 8 0 0 0 0 0 4 0 0
51 12 0 0 4 0 0 0 0 0
52 12 0 0 8 0 0 0 0 0
fn=_dl_new_object
61 56 1 1 0 0 0 40 2 2
62 20 1 1 0 0 0 4 1 1
68 48 0 0 8 0 0 0 0 0
75 20 1 1 0 0 0 8 0 0
78 8 0 0 0 0 0 0 0 0
81 4 0 0 0 0 0 4 4 4
82 8 0 0 0 0 0 4 4 4
86 8 0 0 0 0 0 4 1 1
87 20 1 1 8 0 0 8 2 2
89 4 0 0 0 0 0 4 0 0
97 20 0 0 8 0 0 4 0 0
98 24 1 1 8 4 4 4 0 0
101 8 0 0 4 0 0 0 0 0
102 9 1 1 0 0 0 4 4 4
103 4 0 0 0 0 0 4 0 0
107 4 0 0 0 0 0 4 0 0
110 45 0 0 0 0 0 0 0 0
112 32 0 0 0 0 0 16 5 5
122 8 1 1 0 0 0 4 2 2
123 4 0 0 0 0 0 4 4 4
126 4 0 0 0 0 0 0 0 0
128 24 0 0 4 0 0 0 0 0
130 9 0 0 0 0 0 3 1 1
133 9 1 1 0 0 0 0 0 0
137 9 0 0 3 0 0 0 0 0
141 21 1 1 3 0 0 0 0 0
143 1 0 0 0 0 0 0 0 0
149 1 0 0 0 0 0 1 1 1
152 8 2 1 0 0 0 4 0 0
155 20 0 0 8 0 0 0 0 0
157 15 0 0 3 0 0 6 0 0
161 15 1 1 0 0 0 0 0 0
165 9 1 1 0 0 0 3 0 0
166 12 0 0 0 0 0 0 0 0
211 12 0 0 6 0 0 3 0 0
216 115 0 0 0 0 0 0 0 0
217 124 0 0 59 0 0 0 0 0
222 6 0 0 0 0 0 3 0 0
225 6 0 0 0 0 0 3 0 0
229 32 1 1 28 0 0 0 0 0
fl=/build/eglibc-SvCtMH/eglibc-2.19/elf/dl-open.c
fn=_dl_find_dso_for_object
182 5 2 2 1 0 0 0 0 0
183 13 1 1 4 0 0 0 0 0
184 16 0 0 8 0 0 0 0 0
185 2 0 0 1 0 0 0 0 0
188 2 0 0 1 0 0 0 0 0
192 1 0 0 1 0 0 0 0 0
fl=/build/eglibc-SvCtMH/eglibc-2.19/elf/dl-reloc.c
fn=_dl_relocate_object
154 60 2 2 0 0 0 40 0 0
161 5 0 0 0 0 0 5 0 0
164 10 0 0 0 0 0 0 0 0
165 25 0 0 0 0 0 15 0 0
169 10 0 0 0 0 0 0 0 0
170 20 0 0 10 1 0 0 0 0
176 10 0 0 5 0 0 0 0 0
182 15 1 1 5 0 0 0 0 0
183 10 1 1 5 4 0 0 0 0
186 10 0 0 5 0 0 0 0 0
193 10 0 0 5 2 0 0 0 0
238 15 0 0 10 0 0 5 0 0
264 294 4 4 104 16 1 67 0 0
267 15 0 0 5 0 0 0 0 0
295 5 0 0 5 0 0 0 0 0
298 10 0 0 5 0 0 0 0 0
315 15 1 1 5 3 0 0 0 0
317 40 0 0 35 1 0 0 0 0
323 20 2 2 10 0 0 0 0 0
324 10 0 0 5 0 0 0 0 0
325 10 0 0 0 0 0 0 0 0
328 10 0 0 0 0 0 0 0 0
329 25 0 0 0 0 0 5 0 0
fl=/build/eglibc-SvCtMH/eglibc-2.19/elf/dl-tls.c
fn=__tls_get_addr
770 17 1 1 17 3 0 0 0 0
772 51 0 0 34 17 0 0 0 0
775 51 0 0 34 12 0 0 0 0
777 34 0 0 0 0 0 0 0 0
780 17 0 0 17 0 0 0 0 0
781 17 0 0 17 0 0 0 0 0
fn=_dl_add_to_slotinfo
831 4 1 1 0 0 0 3 0 0
837 2 0 0 1 0 0 0 0 0
840 1 0 0 1 1 0 0 0 0
845 5 0 0 1 0 0 0 0 0
886 1 1 1 0 0 0 1 0 0
887 3 0 0 1 1 0 1 0 0
888 4 0 0 4 0 0 0 0 0
fn=_dl_allocate_tls
295 8 0 0 4 0 0 0 0 0
296 12 0 0 0 0 0 4 0 0
297 8 0 0 0 0 0 0 0 0
300 4 0 0 0 0 0 4 0 0
306 8 0 0 0 0 0 4 0 0
459 16 1 1 0 0 0 12 0 0
460 16 1 1 0 0 0 0 0 0
463 12 0 0 12 0 0 0 0 0
fn=_dl_allocate_tls_init
376 72 1 1 0 0 0 63 0 0
377 18 0 0 0 0 0 0 0 0
381 27 2 1 18 1 0 9 0 0
383 9 0 0 0 0 0 0 0 0
384 9 0 0 0 0 0 0 0 0
389 27 0 0 9 0 0 9 1 0
394 108 0 0 18 2 0 0 0 0
400 81 1 1 0 0 0 0 0 0
403 9 1 1 9 0 0 0 0 0
404 18 0 0 0 0 0 0 0 0
410 27 0 0 9 0 0 0 0 0
412 18 1 1 0 0 0 0 0 0
413 18 0 0 9 2 0 0 0 0
422 18 0 0 9 0 0 0 0 0
423 36 0 0 18 4 0 0 0 0
425 18 0 0 0 0 0 0 0 0
426 18 1 1 9 0 0 0 0 0
434 36 0 0 9 0 0 9 1 0
435 9 0 0 0 0 0 9 0 0
436 99 0 0 36 0 0 18 0 0
450 18 1 1 9 0 0 9 0 0
452 9 0 0 9 0 0 0 0 0
453 72 0 0 63 0 0 0 0 0
fn=_dl_allocate_tls_storage
295 2 1 1 1 0 0 0 0 0
296 3 0 0 0 0 0 1 0 0
297 2 0 0 0 0 0 0 0 0
300 1 0 0 0 0 0 1 1 1
306 2 0 0 0 0 0 1 0 0
328 3 1 1 0 0 0 3 0 0
330 1 0 0 1 0 0 0 0 0
341 4 0 0 1 0 0 1 0 0
342 2 0 0 0 0 0 0 0 0
349 1 0 0 0 0 0 0 0 0
353 306 1 1 0 0 0 288 36 36
370 5 0 0 4 0 0 0 0 0
fn=_dl_determine_tlsoffset
112 7 1 1 0 0 0 6 0 0
113 2 0 0 0 0 0 0 0 0
114 1 0 0 0 0 0 0 0 0
115 1 0 0 0 0 0 0 0 0
118 3 0 0 1 0 0 0 0 0
121 2 0 0 1 0 0 0 0 0
123 1 0 0 0 0 0 0 0 0
155 1 0 0 0 0 0 0 0 0
157 10 0 0 2 0 0 0 0 0
159 3 1 1 1 0 0 0 0 0
161 3 0 0 1 0 0 0 0 0
162 2 1 1 1 0 0 0 0 0
164 2 0 0 0 0 0 0 0 0
166 5 0 0 1 0 0 0 0 0
168 2 1 1 0 0 0 0 0 0
182 9 0 0 0 0 0 0 0 0
184 3 0 0 0 0 0 0 0 0
185 1 0 0 0 0 0 0 0 0
194 1 1 1 0 0 0 1 0 0
197 4 0 0 0 0 0 1 0 0
198 1 0 0 0 0 0 1 0 0
249 1 0 0 0 0 0 1 0 0
250 8 1 1 7 0 0 0 0 0
fn=_dl_get_tls_static_info
320 2 1 1 1 0 0 1 0 0
321 3 0 0 2 0 0 1 0 0
fn=_dl_next_tls_modid
50 1 1 1 0 0 0 0 0 0
53 3 0 0 2 0 0 0 0 0
101 2 0 0 0 0 0 1 0 0
105 2 1 1 1 0 0 0 0 0
fl=/build/eglibc-SvCtMH/eglibc-2.19/elf/dl-tsd.c
fn=__libc_dl_error_tsd
48 2 0 0 2 1 0 0 0 0
49 1 0 0 1 0 0 0 0 0
fl=/build/eglibc-SvCtMH/eglibc-2.19/elf/dl-version.c
fn=_dl_check_all_versions
380 6 1 1 0 0 0 4 0 0
382 2 0 0 0 0 0 0 0 0
384 19 0 0 5 0 0 0 0 0
385 5 0 0 0 0 0 0 0 0
386 50 1 1 5 0 0 5 0 0
389 7 0 0 5 0 0 0 0 0
fn=_dl_check_map_versions
56 67 1 1 10 0 0 0 0 0
57 16 0 0 16 0 0 0 0 0
58 110 0 0 0 0 0 21 0 0
174 55 1 1 0 0 0 40 0 0
175 2 0 0 0 0 0 0 0 0
183 2 0 0 0 0 0 0 0 0
189 15 1 1 5 0 0 0 0 0
191 10 0 0 5 0 0 5 0 0
193 10 0 0 5 0 0 5 0 0
194 10 0 0 5 0 0 5 0 0
196 10 0 0 0 0 0 0 0 0
199 12 1 1 9 0 0 3 0 0
203 18 0 0 6 2 2 0 0 0
220 15 0 0 15 0 0 0 0 0
228 15 0 0 5 0 0 0 0 0
233 35 1 1 10 0 0 0 0 0
237 195 1 1 114 5 4 24 0 0
244 48 0 0 12 0 0 0 0 0
247 41 0 0 12 0 0 0 0 0
252 7 0 0 0 0 0 0 0 0
256 20 1 1 10 0 0 0 0 0
261 2 0 0 2 0 0 0 0 0
262 2 0 0 0 0 0 0 0 0
270 15 1 1 5 0 0 0 0 0
273 9 0 0 6 0 0 0 0 0
276 156 0 0 39 2 2 0 0 0
279 117 0 0 39 2 2 0 0 0
283 36 0 0 0 0 0 0 0 0
287 10 1 1 0 0 0 0 0 0
292 4 0 0 0 0 0 4 0 0
293 16 1 1 0 0 0 4 0 0
294 8 0 0 0 0 0 0 0 0
302 4 0 0 0 0 0 4 0 0
305 12 0 0 8 0 0 4 0 0
307 12 0 0 4 0 0 0 0 0
310 12 1 1 9 0 0 0 0 0
314 15 0 0 5 0 0 0 0 0
317 36 0 0 12 0 0 0 0 0
319 36 0 0 0 0 0 0 0 0
321 60 0 0 12 0 0 12 0 0
322 36 0 0 0 0 0 12 6 6
323 36 1 1 12 0 0 12 0 0
324 36 0 0 12 0 0 12 1 1
327 36 0 0 12 0 0 0 0 0
332 7 0 0 0 0 0 0 0 0
335 15 0 0 5 0 0 0 0 0
340 2 0 0 0 0 0 0 0 0
341 2 0 0 0 0 0 0 0 0
345 12 0 0 4 0 0 0 0 0
348 12 1 1 9 0 0 0 0 0
352 39 0 0 39 0 0 0 0 0
354 78 0 0 39 0 0 0 0 0
358 36 0 0 36 0 0 0 0 0
359 180 0 0 36 0 0 36 9 9
360 108 0 0 36 0 0 36 0 0
361 36 0 0 0 0 0 36 5 5
364 117 0 0 39 0 0 0 0 0
368 36 0 0 0 0 0 0 0 0
373 9 0 0 0 0 0 0 0 0
374 40 1 1 35 0 0 0 0 0
fn=match_symbol
76 156 1 1 0 0 0 96 0 0
77 24 0 0 24 0 0 0 0 0
85 24 0 0 12 0 0 0 0 0
91 36 1 1 12 0 0 0 0 0
106 12 0 0 12 0 0 0 0 0
107 24 0 0 0 0 0 0 0 0
109 12 0 0 12 0 0 0 0 0
114 154 0 0 77 12 12 0 0 0
128 154 0 0 77 3 3 0 0 0
130 12 1 1 12 0 0 0 0 0
133 72 0 0 12 2 2 12 0 0
140 195 0 0 65 1 1 0 0 0
144 65 0 0 0 0 0 0 0 0
168 96 1 1 84 0 0 0 0 0
fl=/build/eglibc-SvCtMH/eglibc-2.19/elf/do-rel.h
fn=_dl_relocate_object
47 20 0 0 10 0 0 0 0 0
48 10 0 0 10 0 0 0 0 0
50 4 0 0 0 0 0 0 0 0
51 4 0 0 0 0 0 4 1 0
58 30 1 1 10 0 0 0 0 0
61 334 0 0 0 0 0 0 0 0
63 318 1 1 106 39 39 0 0 0
65 17 0 0 0 0 0 0 0 0
74 8 0 0 0 0 0 0 0 0
75 31 1 1 11 0 0 0 0 0
76 10 0 0 5 0 0 0 0 0
83 12 0 0 6 0 0 6 0 0
84 6 1 1 6 0 0 0 0 0
86 12 0 0 0 0 0 0 0 0
98 18 0 0 0 0 0 0 0 0
108 11 1 1 1 1 1 0 0 0
111 3779 1 1 0 0 0 0 0 0
112 2512 0 0 1256 1 0 0 0 0
118 18 1 1 6 5 0 0 0 0
121 10 0 0 5 3 0 5 1 0
124 356 1 1 114 0 0 0 0 0
127 440 1 1 110 28 25 0 0 0
136 330 0 0 220 43 39 0 0 0
137 630 1 1 110 0 0 110 0 0
138 205 0 0 110 1 0 0 0 0
139 220 0 0 110 0 0 0 0 0
143 8 0 0 0 0 0 0 0 0
160 26 2 2 6 0 0 4 0 0
162 24 0 0 6 1 1 0 0 0
170 30 0 0 6 0 0 6 0 0
171 12 1 1 12 0 0 0 0 0
174 5 1 1 2 0 0 0 0 0
fn=_dl_start
83 1 0 0 1 0 0 0 0 0
84 1 0 0 1 0 0 0 0 0
111 33 0 0 0 0 0 0 0 0
112 20 0 0 10 3 3 0 0 0
116 2 1 1 1 0 0 0 0 0
124 34 0 0 0 0 0 0 0 0
137 50 1 1 10 2 2 0 0 0
139 20 0 0 10 0 0 0 0 0
fl=/build/eglibc-SvCtMH/eglibc-2.19/elf/get-dynamic-info.h
fn=_dl_map_object_from_fd
38 6 0 0 0 0 0 0 0 0
42 3 0 0 0 0 0 0 0 0
44 234 1 1 78 21 21 0 0 0
46 150 1 1 0 0 0 0 0 0
51 75 0 0 0 0 0 0 0 0
52 123 0 0 0 0 0 72 18 18
53 12 0 0 0 0 0 0 0 0
55 3 0 0 0 0 0 0 0 0
56 15 1 1 0 0 0 0 0 0
58 3 0 0 0 0 0 0 0 0
59 15 0 0 0 0 0 0 0 0
60 3 0 0 0 0 0 0 0 0
61 12 0 0 0 0 0 3 0 0
62 75 0 0 0 0 0 0 0 0
69 6 1 1 0 0 0 0 0 0
89 11 0 0 5 0 0 0 0 0
90 12 0 0 6 0 0 0 0 0
91 12 0 0 6 0 0 0 0 0
92 12 1 1 6 0 0 0 0 0
94 12 0 0 6 0 0 0 0 0
99 12 0 0 6 0 0 0 0 0
100 11 0 0 5 1 1 0 0 0
101 12 1 1 6 0 0 0 0 0
107 9 0 0 3 0 0 0 0 0
112 6 0 0 3 0 0 0 0 0
119 6 0 0 3 0 0 0 0 0
120 9 0 0 6 0 0 0 0 0
136 9 1 1 3 1 1 0 0 0
141 4 0 0 2 0 0 2 0 0
143 4 0 0 0 0 0 0 0 0
145 4 0 0 0 0 0 0 0 0
147 4 0 0 0 0 0 0 0 0
150 9 1 1 3 0 0 0 0 0
152 4 0 0 2 0 0 2 0 0
160 4 0 0 2 0 0 0 0 0
161 4 0 0 0 0 0 0 0 0
165 4 0 0 0 0 0 0 0 0
168 6 1 1 3 0 0 0 0 0
fn=_dl_start
44 57 1 1 19 6 6 0 0 0
46 36 0 0 0 0 0 0 0 0
47 26 0 0 0 0 0 13 3 3
51 21 0 0 0 0 0 0 0 0
52 18 2 2 0 0 0 4 2 2
53 4 1 1 0 0 0 0 0 0
55 1 0 0 0 0 0 0 0 0
56 5 1 1 0 0 0 0 0 0
58 2 0 0 0 0 0 0 0 0
59 5 1 1 0 0 0 0 0 0
60 1 0 0 0 0 0 0 0 0
61 5 0 0 0 0 0 1 1 1
62 18 0 0 0 0 0 0 0 0
69 2 0 0 0 0 0 0 0 0
89 4 0 0 2 0 0 0 0 0
90 4 0 0 2 0 0 0 0 0
91 4 1 1 2 0 0 0 0 0
92 4 0 0 2 0 0 0 0 0
94 4 0 0 2 0 0 0 0 0
99 4 0 0 2 0 0 0 0 0
100 4 1 1 2 0 0 0 0 0
101 4 0 0 2 0 0 0 0 0
107 3 0 0 1 0 0 0 0 0
112 2 0 0 1 0 0 0 0 0
119 3 0 0 1 0 0 0 0 0
120 3 1 1 2 0 0 0 0 0
128 3 0 0 1 0 0 0 0 0
130 3 0 0 1 1 1 0 0 0
133 2 1 1 1 0 0 0 0 0
134 2 0 0 1 0 0 0 0 0
fn=dl_main
29 1 0 0 1 0 0 0 0 0
38 2 0 0 0 0 0 0 0 0
42 1 0 0 0 0 0 0 0 0
44 75 0 0 25 7 7 0 0 0
46 48 0 0 0 0 0 0 0 0
51 17 1 1 0 0 0 0 0 0
52 34 0 0 0 0 0 23 5 5
53 4 0 0 0 0 0 0 0 0
55 1 0 0 0 0 0 0 0 0
56 5 1 1 0 0 0 0 0 0
58 1 0 0 0 0 0 0 0 0
59 5 0 0 0 0 0 0 0 0
60 1 0 0 0 0 0 0 0 0
61 4 1 1 0 0 0 1 0 0
62 24 0 0 0 0 0 0 0 0
69 3 0 0 1 0 0 0 0 0
107 3 1 1 1 0 0 0 0 0
112 2 0 0 1 0 0 0 0 0
119 2 1 1 1 0 0 0 0 0
120 3 0 0 2 0 0 0 0 0
136 3 0 0 1 0 0 0 0 0
150 3 1 1 1 0 0 0 0 0
168 2 1 1 1 0 0 0 0 0
fl=/build/eglibc-SvCtMH/eglibc-2.19/elf/rtld.c
fn=_dl_initial_error_catch_tsd
813 16 1 1 8 0 0 0 0 0
fn=_dl_start
300 75 4 4 8 1 1 8 1 1
312 2 0 0 0 0 0 1 0 0
313 2 0 0 0 0 0 1 0 0
314 2 0 0 0 0 0 1 0 0
315 2 1 1 0 0 0 1 1 1
316 2 0 0 0 0 0 1 0 0
337 5 0 0 0 0 0 1 0 0
341 1 0 0 0 0 0 1 0 0
347 4 1 0 0 0 0 1 0 0
356 4 1 0 0 0 0 0 0 0
359 2 0 0 1 1 0 1 1 0
363 2 0 0 1 0 0 0 0 0
377 9 2 2 0 0 0 6 1 1
395 5 0 0 0 0 0 1 1 1
421 1 0 0 0 0 0 1 1 1
424 1 0 0 0 0 0 1 1 1
552 2 0 0 0 0 0 0 0 0
557 34 3 3 9 0 0 0 0 0
559 1 0 0 1 1 1 0 0 0
584 9 0 0 7 1 0 0 0 0
fn=dl_main
939 12 2 2 0 0 0 8 2 2
945 1 0 0 0 0 0 0 0 0
947 2 0 0 0 0 0 0 0 0
948 1 0 0 0 0 0 0 0 0
954 1 0 0 0 0 0 1 0 0
958 2 0 0 0 0 0 1 0 0
961 2 0 0 0 0 0 1 1 1
965 2 0 0 0 0 0 1 1 1
966 2 1 1 0 0 0 1 0 0
971 2 0 0 0 0 0 1 0 0
981 4 1 1 2 0 0 0 0 0
1180 8 1 1 0 0 0 1 0 0
1182 2 0 0 0 0 0 0 0 0
1183 1 0 0 0 0 0 1 1 1
1184 2 0 0 1 0 0 1 0 0
1185 3 1 1 2 0 0 1 0 0
1189 3 0 0 0 0 0 1 0 0
1190 2 0 0 1 0 0 0 0 0
1211 1 0 0 0 0 0 1 0 0
1212 1 1 1 0 0 0 1 0 0
1214 1 0 0 0 0 0 1 0 0
1216 1 0 0 1 0 0 0 0 0
1219 36 2 2 3 0 0 0 0 0
1220 71 2 2 9 5 5 0 0 0
1224 3 1 1 1 0 0 1 0 0
1225 1 0 0 0 0 0 0 0 0
1229 3 1 1 2 0 0 1 0 0
1230 1 0 0 0 0 0 0 0 0
1238 1 0 0 0 0 0 1 1 1
1239 2 0 0 2 1 1 0 0 0
1241 2 1 1 0 0 0 1 0 0
1248 3 1 1 1 0 0 0 0 0
1266 1 0 0 0 0 0 0 0 0
1274 4 0 0 2 0 0 0 0 0
1275 10 1 1 3 1 1 0 0 0
1276 4 0 0 2 0 0 0 0 0
1277 1 0 0 0 0 0 1 0 0
1280 4 0 0 2 1 1 0 0 0
1281 4 0 0 2 0 0 0 0 0
1282 2 0 0 0 0 0 2 0 0
1283 6 0 0 3 0 0 0 0 0
1284 2 0 0 0 0 0 1 0 0
1311 2 0 0 1 0 0 1 1 1
1312 1 0 0 0 0 0 0 0 0
1315 2 0 0 1 0 0 1 0 0
1316 2 0 0 1 0 0 1 0 0
1317 1 0 0 0 0 0 0 0 0
1322 3 0 0 1 1 1 0 0 0
1325 2 0 0 0 0 0 0 0 0
1327 2 0 0 0 0 0 0 0 0
1329 2 1 1 1 0 0 0 0 0
1342 3 0 0 1 0 0 0 0 0
1343 11 1 1 6 0 0 2 0 0
1348 1 0 0 0 0 0 1 0 0
1350 1 0 0 0 0 0 1 1 1
1351 1 0 0 0 0 0 1 0 0
1353 2 0 0 1 0 0 0 0 0
1354 2 0 0 0 0 0 1 0 0
1358 2 1 1 1 0 0 0 0 0
1360 2 0 0 0 0 0 0 0 0
1365 2 0 0 0 0 0 1 0 0
1368 4 0 0 0 0 0 1 0 0
1384 3 1 1 0 0 0 1 0 0
1390 9 2 2 1 0 0 2 0 0
1395 2 1 1 1 0 0 1 0 0
1398 4 1 1 1 0 0 2 0 0
1400 1 0 0 0 0 0 1 0 0
1405 2 0 0 1 0 0 0 0 0
1408 3 0 0 2 0 0 1 0 0
1409 4 0 0 1 0 0 1 0 0
1410 2 0 0 0 0 0 1 0 0
1411 1 0 0 0 0 0 1 0 0
1412 1 1 1 1 0 0 0 0 0
1413 1 0 0 1 0 0 0 0 0
1418 2 0 0 1 0 0 0 0 0
1419 5 1 1 1 0 0 1 0 0
1423 1 0 0 1 0 0 0 0 0
1425 4 0 0 1 0 0 0 0 0
1426 2 0 0 0 0 0 1 0 0
1427 4 0 0 1 1 1 1 0 0
1432 2 0 0 0 0 0 0 0 0
1433 6 1 1 1 1 1 0 0 0
1435 2 0 0 1 0 0 1 1 1
1436 2 0 0 1 0 0 1 0 0
1441 2 0 0 1 1 1 0 0 0
1446 3 1 1 1 0 0 0 0 0
1627 3 0 0 1 0 0 0 0 0
1630 2 0 0 1 0 0 1 0 0
1634 3 0 0 1 0 0 0 0 0
1639 2 1 1 1 0 0 1 0 0
1640 1 0 0 0 0 0 1 0 0
1645 3 0 0 1 0 0 0 0 0
1660 3 0 0 2 0 0 0 0 0
1664 3 1 1 1 0 0 0 0 0
1666 5 1 1 0 0 0 0 0 0
1667 3 0 0 0 0 0 2 0 0
1668 4 0 0 0 0 0 0 0 0
1670 3 1 1 1 0 0 0 0 0
1680 5 0 0 0 0 0 1 0 0
1757 4 1 1 2 0 0 0 0 0
1761 8 2 2 1 0 0 0 0 0
1762 1 0 0 0 0 0 0 0 0
1765 2 0 0 0 0 0 1 0 0
1766 1 0 0 1 0 0 0 0 0
1767 2 0 0 0 0 0 0 0 0
1768 2 2 2 1 0 0 0 0 0
1774 5 0 0 0 0 0 0 0 0
1775 8 0 0 1 0 0 1 0 0
1776 4 1 1 0 0 0 0 0 0
1778 2 0 0 1 0 0 0 0 0
1781 15 0 0 2 0 0 0 0 0
1782 20 0 0 10 0 0 0 0 0
1785 3 0 0 2 0 0 1 0 0
1786 3 1 1 1 0 0 0 0 0
1787 1 0 0 0 0 0 1 0 0
1789 16 1 1 0 0 0 0 0 0
1790 11 0 0 5 0 0 0 0 0
1800 2 1 1 0 0 0 1 0 0
1802 2 0 0 1 0 0 1 0 0
1803 2 0 0 1 0 0 0 0 0
1805 3 0 0 0 0 0 1 0 0
1807 3 1 1 0 0 0 0 0 0
1809 3 0 0 1 1 0 0 0 0
1810 1 0 0 1 0 0 0 0 0
1812 3 0 0 0 0 0 0 0 0
1823 2 0 0 0 0 0 0 0 0
1824 2 0 0 0 0 0 1 0 0
1825 3 1 1 1 0 0 0 0 0
1836 4 0 0 0 0 0 1 0 0
1837 1 0 0 0 0 0 1 0 0
1838 5 1 1 0 0 0 1 0 0
1848 2 0 0 1 0 0 1 0 0
1849 2 0 0 1 0 0 0 0 0
1850 2 0 0 0 0 0 2 0 0
1852 2 0 0 1 0 0 0 0 0
1855 1 1 1 0 0 0 1 0 0
1857 2 0 0 1 0 0 0 0 0
2087 3 0 0 1 0 0 0 0 0
2095 1 1 1 1 0 0 0 0 0
2143 2 1 1 0 0 0 1 0 0
2147 4 1 1 2 0 0 2 0 0
2151 2 0 0 1 0 0 1 0 0
2154 2 0 0 0 0 0 0 0 0
2162 2 0 0 0 0 0 0 0 0
2208 3 1 1 1 0 0 0 0 0
2215 1 0 0 1 0 0 0 0 0
2217 11 1 1 1 0 0 1 0 0
2219 15 1 1 1 1 0 0 0 0
2221 15 0 0 10 1 0 0 0 0
2226 10 0 0 10 0 0 0 0 0
2228 12 0 0 0 0 0 0 0 0
2230 1 1 1 0 0 0 1 0 0
2231 1 0 0 1 0 0 0 0 0
2234 5 0 0 5 0 0 0 0 0
2236 15 0 0 0 0 0 0 0 0
2237 32 0 0 8 3 0 4 0 0
2241 17 0 0 6 1 0 0 0 0
2242 3 0 0 0 0 0 1 0 0
2244 4 0 0 0 0 0 0 0 0
2246 2 0 0 0 0 0 1 0 0
2252 2 0 0 1 0 0 0 0 0
2257 4 1 1 2 0 0 0 0 0
2258 1 0 0 1 0 0 0 0 0
2263 2 0 0 1 1 0 1 0 0
2267 2 0 0 1 0 0 0 0 0
2281 3 1 1 2 1 0 0 0 0
2283 4 2 2 1 0 0 0 0 0
2298 5 0 0 0 0 0 0 0 0
2300 1 0 0 1 0 0 0 0 0
2301 5 0 0 1 0 0 1 0 0
2302 4 0 0 0 0 0 0 0 0
2304 3 1 1 1 0 0 0 0 0
2312 1 0 0 0 0 0 1 0 0
2316 3 0 0 1 0 0 0 0 0
2336 3 0 0 0 0 0 1 0 0
2337 1 0 0 0 0 0 1 0 0
2338 1 0 0 0 0 0 1 0 0
2343 1 0 0 0 0 0 1 0 0
2348 8 0 0 7 2 0 0 0 0
2518 2 0 0 1 0 0 1 0 0
2520 1 0 0 0 0 0 0 0 0
2521 1 0 0 0 0 0 0 0 0
2525 13 1 1 1 0 0 4 1 1
2527 10 0 0 2 0 0 2 1 1
2531 40 1 1 8 0 0 0 0 0
2532 7 0 0 0 0 0 0 0 0
2534 2 0 0 0 0 0 0 0 0
2540 8 0 0 1 1 1 0 0 0
2563 6 1 1 0 0 0 1 0 0
2570 6 1 1 0 0 0 1 0 0
2572 3 0 0 0 0 0 1 0 0
2692 3 1 1 1 0 0 0 0 0
2725 3 1 1 1 0 0 0 0 0
fn=handle_ld_preload
109 3 0 0 1 0 0 0 0 0
821 1 0 0 0 0 0 1 0 0
825 1 0 0 0 0 0 1 0 0
826 2 0 0 1 0 0 1 0 0
827 1 0 0 0 0 0 1 0 0
829 1 0 0 1 0 0 0 0 0
831 13 2 2 3 0 0 4 0 0
832 3 0 0 1 0 0 0 0 0
840 3 0 0 1 0 0 0 0 0
906 9 1 1 0 0 0 7 1 1
907 1 0 0 0 0 0 0 0 0
911 6 0 0 2 0 0 0 0 0
915 3 0 0 0 0 0 0 0 0
917 6 2 2 0 0 0 1 1 1
918 3 0 0 0 0 0 1 0 0
925 4 1 1 0 0 0 0 0 0
928 2 0 0 1 0 0 0 0 0
929 1 0 0 0 0 0 0 0 0
932 9 0 0 7 0 0 0 0 0
fn=init_tls
732 1 0 0 0 0 0 1 0 0
734 2 0 0 1 0 0 1 0 0
738 2 0 0 1 0 0 0 0 0
739 1 1 1 0 0 0 0 0 0
744 2 0 0 0 0 0 1 0 0
747 1 0 0 0 0 0 1 0 0
748 4 1 1 0 0 0 1 0 0
753 1 0 0 0 0 0 0 0 0
755 1 0 0 0 0 0 1 0 0
759 2 0 0 1 1 1 0 0 0
760 1 0 0 0 0 0 0 0 0
761 13 1 1 1 0 0 0 0 0
762 10 0 0 5 0 0 0 0 0
763 10 0 0 5 2 0 0 0 0
767 3 0 0 0 0 0 1 0 0
769 1 0 0 0 0 0 0 0 0
771 3 1 1 0 0 0 0 0 0
774 1 0 0 0 0 0 1 0 0
781 2 0 0 0 0 0 1 0 0
782 2 0 0 0 0 0 0 0 0
788 2 1 1 1 0 0 1 0 0
796 7 0 0 0 0 0 2 0 0
800 1 1 1 0 0 0 1 0 0
802 1 0 0 0 0 0 0 0 0
803 2 0 0 2 0 0 0 0 0
fn=map_doit
640 2 1 1 0 0 0 1 0 0
642 8 0 0 3 0 0 2 0 0
644 2 0 0 2 0 0 0 0 0
fn=rtld_lock_default_lock_recursive
853 8 1 1 8 1 1 0 0 0
fn=rtld_lock_default_unlock_recursive
859 8 0 0 8 0 0 0 0 0
fn=security_init
866 2 0 0 0 0 0 1 0 0
868 1 0 0 1 0 0 0 0 0
870 1 0 0 0 0 0 1 0 0
877 1 0 0 1 0 0 0 0 0
879 1 0 0 0 0 0 1 0 0
881 1 0 0 0 0 0 1 0 0
886 1 0 0 0 0 0 1 0 0
887 3 0 0 2 0 0 0 0 0
fn=version_check_doit
672 2 1 1 0 0 0 1 0 0
674 6 0 0 2 0 0 1 0 0
678 2 0 0 2 0 0 0 0 0
fl=/build/eglibc-SvCtMH/eglibc-2.19/elf/setup-vdso.h
fn=dl_main
24 2 1 1 1 0 0 0 0 0
fl=/build/eglibc-SvCtMH/eglibc-2.19/io/../sysdeps/unix/syscall-template.S
fn=???
81 72 1 1 6 1 0 18 0 0
82 6 0 0 6 0 0 0 0 0
fn=access
81 16 1 1 0 0 0 0 0 0
83 20 0 0 4 0 0 4 1 1
fn=close
81 16 0 0 0 0 0 0 0 0
82 4 0 0 4 0 0 0 0 0
fn=open
81 16 1 1 0 0 0 0 0 0
82 4 0 0 4 0 0 0 0 0
fn=read
81 12 1 1 0 0 0 0 0 0
82 3 0 0 3 0 0 0 0 0
fn=write
81 12 1 1 6 0 0 0 0 0
fl=/build/eglibc-SvCtMH/eglibc-2.19/io/../sysdeps/unix/sysv/linux/wordsize-64/fxstat.c
fn=_fxstat
33 5 0 0 0 0 0 0 0 0
34 10 2 2 0 0 0 0 0 0
35 30 0 0 0 0 0 0 0 0
39 5 0 0 5 0 0 0 0 0
fl=/build/eglibc-SvCtMH/eglibc-2.19/libio/../sysdeps/unix/sysv/linux/sys/sysmacros.h
fn=_IO_file_doallocate
41 6 0 0 0 0 0 0 0 0
fl=/build/eglibc-SvCtMH/eglibc-2.19/libio/filedoalloc.c
fn=_IO_file_doallocate
96 5 1 1 0 0 0 3 0 0
111 8 1 1 3 0 0 1 1 0
113 4 0 0 1 0 0 0 0 0
116 2 0 0 0 0 0 0 0 0
118 2 2 2 1 0 0 0 0 0
121 1 0 0 1 0 0 0 0 0
124 6 1 1 1 1 0 0 0 0
128 8 0 0 0 0 0 1 0 0
129 5 0 0 0 0 0 1 0 0
130 1 0 0 0 0 0 0 0 0
131 5 0 0 4 0 0 0 0 0
fl=/build/eglibc-SvCtMH/eglibc-2.19/libio/fileops.c
fn=_IO_do_write@@GLIBC_2.2.5
509 42 1 1 0 0 0 28 4 4
511 45 1 1 0 0 0 0 0 0
512 42 0 0 35 1 0 0 0 0
523 24 0 0 6 0 0 0 0 0
530 24 0 0 12 0 0 0 0 0
538 36 1 1 12 4 0 6 0 0
539 18 0 0 6 0 0 0 0 0
541 24 0 0 6 1 0 18 0 0
542 12 0 0 0 0 0 12 0 0
543 6 0 0 0 0 0 6 0 0
544 12 1 1 6 0 0 0 0 0
545 18 1 1 6 1 0 0 0 0
fn=_IO_file_overflow@@GLIBC_2.2.5
824 228 1 1 0 0 0 171 0 0
825 171 0 0 57 0 0 0 0 0
832 395 0 0 112 0 0 0 0 0
835 2 1 1 1 0 0 0 0 0
837 2 1 1 0 0 0 1 0 0
838 6 0 0 2 0 0 3 0 0
847 2 0 0 0 0 0 0 0 0
856 4 0 0 2 0 0 0 0 0
858 1 0 0 0 0 0 1 0 0
859 2 0 0 0 0 0 1 0 0
860 1 0 0 0 0 0 1 0 0
861 2 1 1 0 0 0 2 0 0
863 3 0 0 0 0 0 1 0 0
864 5 0 0 1 0 0 0 0 0
865 2 0 0 0 0 0 1 0 0
867 114 1 1 0 0 0 0 0 0
868 14 1 1 0 0 0 0 0 0
869 7 0 0 0 0 0 0 0 0
870 100 0 0 50 0 0 0 0 0
873 150 0 0 0 0 0 100 1 0
874 150 0 0 50 0 0 0 0 0
875 200 0 0 0 0 0 0 0 0
879 50 0 0 0 0 0 0 0 0
880 221 0 0 221 0 0 0 0 0
fn=_IO_file_setbuf@@GLIBC_2.2.5
461 2 1 1 0 0 0 1 0 0
462 3 0 0 0 0 0 1 0 0
465 2 0 0 0 0 0 2 0 0
466 2 0 0 1 0 0 1 0 0
467 3 1 1 0 0 0 3 0 0
469 1 0 0 0 0 0 0 0 0
470 2 0 0 2 0 0 0 0 0
fn=_IO_file_stat
1222 1 1 1 0 0 0 0 0 0
1223 3 0 0 1 0 0 0 0 0
fn=_IO_file_sync@@GLIBC_2.2.5
886 2 1 1 0 0 0 1 0 0
891 4 0 0 2 0 0 0 0 0
893 1 1 1 1 0 0 0 0 0
894 2 0 0 1 0 0 0 0 0
911 2 0 0 0 0 0 1 0 0
915 2 0 0 2 0 0 0 0 0
fn=_IO_file_write@@GLIBC_2.2.5
1254 42 0 0 0 0 0 24 0 0
1256 42 0 0 0 0 0 0 0 0
1260 18 0 0 6 0 0 0 0 0
1261 18 1 1 6 0 0 6 4 4
1262 12 0 0 0 0 0 0 0 0
1267 6 0 0 0 0 0 0 0 0
1268 6 0 0 0 0 0 0 0 0
1271 18 0 0 6 1 0 0 0 0
1274 54 1 1 30 1 0 0 0 0
fn=_IO_file_xsputn@@GLIBC_2.2.5
1281 192 1 1 0 0 0 144 4 4
1287 48 0 0 0 0 0 0 0 0
1288 24 0 0 0 0 0 0 0 0
1294 120 0 0 20 0 0 0 0 0
1296 57 1 1 38 0 0 0 0 0
1297 38 0 0 0 0 0 0 0 0
1300 179 0 0 0 0 0 0 0 0
1302 168 0 0 54 0 0 0 0 0
1304 24 2 2 0 0 0 0 0 0
1311 6 1 1 2 0 0 0 0 0
1315 37 0 0 0 0 0 0 0 0
1320 95 0 0 0 0 0 38 1 0
1325 19 0 0 0 0 0 0 0 0
1326 57 0 0 0 0 0 0 0 0
1328 60 0 0 0 0 0 0 0 0
1332 42 0 0 14 5 0 7 1 0
1338 14 1 1 14 1 0 0 0 0
1339 42 0 0 0 0 0 0 0 0
1341 21 0 0 0 0 0 0 0 0
1352 14 0 0 0 0 0 0 0 0
1353 6 0 0 0 0 0 1 0 0
1355 40 1 1 0 0 0 0 0 0
1356 192 0 0 168 1 0 0 0 0
fl=/build/eglibc-SvCtMH/eglibc-2.19/libio/genops.c
fn=_IO_cleanup
950 13 0 0 4 0 0 0 0 0
952 9 0 0 3 0 0 0 0 0
953 4 0 0 0 0 0 0 0 0
954 2 0 0 0 0 0 0 0 0
956 4 1 1 1 0 0 0 0 0
962 18 1 1 7 0 0 2 0 0
970 5 0 0 2 0 0 0 0 0
972 2 1 1 0 0 0 1 0 0
974 2 0 0 1 0 0 1 0 0
975 1 0 0 0 0 0 1 0 0
976 2 0 0 1 0 0 1 0 0
977 4 0 0 1 0 0 1 0 0
980 5 0 0 2 0 0 1 0 0
983 5 1 1 1 0 0 0 0 0
984 9 1 1 4 0 0 1 0 0
990 3 1 1 0 0 0 3 0 0
1010 5 2 2 0 0 0 4 0 0
1013 3 0 0 0 0 0 1 0 0
1025 7 0 0 5 0 0 0 0 0
fn=_IO_default_setbuf
400 5 0 0 1 0 0 0 0 0
402 1 0 0 0 0 0 1 0 0
403 1 0 0 0 0 0 1 0 0
407 2 0 0 0 0 0 1 0 0
557 6 1 1 0 0 0 3 0 0
558 4 0 0 2 0 0 1 0 0
560 2 0 0 0 0 0 0 0 0
562 2 0 0 0 0 0 1 0 0
563 2 1 1 0 0 0 0 0 0
567 2 0 0 1 0 0 0 0 0
570 3 0 0 0 0 0 3 0 0
571 3 1 1 0 0 0 3 0 0
572 1 0 0 0 0 0 0 0 0
573 4 0 0 4 0 0 0 0 0
fn=_IO_default_xsputn
447 6 1 1 0 0 0 5 0 0
450 6 1 1 0 0 0 0 0 0
451 1 0 0 0 0 0 0 0 0
455 132 1 1 66 0 0 0 0 0
480 322 0 0 96 0 0 32 0 0
482 32 0 0 0 0 0 0 0 0
484 2 1 1 0 0 0 0 0 0
485 6 0 0 6 0 0 0 0 0
fn=_IO_doallocbuf
414 4 1 1 0 0 0 3 0 0
415 2 0 0 1 0 0 0 0 0
417 3 0 0 1 0 0 0 0 0
418 5 0 0 2 1 0 1 1 0
421 4 0 0 4 0 0 0 0 0
fn=_IO_flush_all_lockp
822 8 1 1 0 0 0 6 0 0
823 1 0 0 0 0 0 0 0 0
828 3 0 0 0 0 0 0 0 0
833 1 0 0 1 1 1 0 0 0
834 1 1 1 1 1 0 0 0 0
835 8 1 1 0 0 0 0 0 0
837 3 0 0 0 0 0 3 0 0
838 6 0 0 0 0 0 0 0 0
839 2 0 0 1 0 0 0 0 0
841 21 3 3 9 4 2 0 0 0
851 6 0 0 0 0 0 0 0 0
853 3 0 0 0 0 0 3 0 0
855 9 1 1 3 0 0 0 0 0
862 3 0 0 3 2 1 0 0 0
866 2 0 0 0 0 0 0 0 0
868 2 0 0 0 0 0 0 0 0
872 9 0 0 7 0 0 0 0 0
fn=_IO_setb
399 5 1 1 0 0 0 2 1 0
400 4 0 0 2 0 0 0 0 0
402 1 0 0 0 0 0 1 0 0
403 1 0 0 0 0 0 1 0 0
405 6 1 1 0 0 0 1 0 0
408 4 0 0 3 0 0 0 0 0
fn=__overflow
241 54 2 1 18 0 0 0 0 0
243 54 1 1 36 0 0 0 0 0
fl=/build/eglibc-SvCtMH/eglibc-2.19/malloc/arena.c
fn=malloc_hook_ini
373 3 0 0 1 1 1 0 0 0
fn=ptmalloc_init.part.7
334 213 1 1 71 10 0 0 0 0
336 140 0 0 70 34 0 0 0 0
337 2 0 0 1 0 0 0 0 0
338 2 0 0 1 0 0 0 0 0
352 70 0 0 0 0 0 0 0 0
371 6 1 1 0 0 0 5 0 0
376 1 0 0 0 0 0 1 0 0
384 2 0 0 1 0 0 0 0 0
385 7 2 2 0 0 0 1 0 0
386 4 0 0 2 0 0 0 0 0
391 3 1 1 1 1 0 1 1 0
392 12 1 1 1 1 0 6 2 2
394 5 0 0 2 1 0 0 0 0
410 2 0 0 0 0 0 0 0 0
455 2 0 0 0 0 0 0 0 0
461 2 0 0 2 1 1 0 0 0
462 2 0 0 0 0 0 0 0 0
464 1 0 0 0 0 0 1 1 0
465 7 0 0 6 0 0 0 0 0
fl=/build/eglibc-SvCtMH/eglibc-2.19/malloc/hooks.c
fn=malloc_hook_ini
29 4 1 1 1 1 0 2 0 0
30 2 1 1 1 0 0 1 0 0
32 1 0 0 0 0 0 0 0 0
33 1 0 0 0 0 0 0 0 0
fl=/build/eglibc-SvCtMH/eglibc-2.19/malloc/malloc.c
fn=_int_malloc
1864 15 0 0 5 3 1 0 0 0
2273 5 1 1 2 2 0 2 0 0
2274 2 1 1 0 0 0 0 0 0
2284 2 0 0 1 1 1 0 0 0
2362 1 0 0 0 0 0 0 0 0
2371 4 3 3 0 0 0 0 0 0
2380 3 1 1 0 0 0 0 0 0
2435 2 1 1 1 0 0 0 0 0
2444 5 0 0 1 0 0 0 0 0
2454 9 0 0 1 0 0 2 0 0
2462 2 1 1 0 0 0 0 0 0
2464 6 0 0 3 1 0 2 0 0
2468 5 0 0 2 0 0 0 0 0
2471 2 1 1 2 0 0 0 0 0
2472 2 0 0 0 0 0 0 0 0
2491 1 0 0 0 0 0 0 0 0
2518 2 0 0 1 1 1 0 0 0
2519 1 0 0 0 0 0 1 0 0
2520 3 1 1 1 0 0 1 0 0
2526 2 0 0 0 0 0 0 0 0
2529 8 3 3 1 0 0 0 0 0
2571 6 1 1 0 0 0 0 0 0
2590 1 0 0 0 0 0 0 0 0
2593 2 0 0 0 0 0 0 0 0
2594 7 1 1 2 0 0 0 0 0
2596 2 0 0 0 0 0 0 0 0
2597 4 0 0 2 0 0 2 0 0
2609 3 1 1 1 0 0 0 0 0
2617 2 0 0 2 0 0 0 0 0
2618 3 0 0 1 0 0 0 0 0
2656 1 0 0 0 0 0 1 0 0
2657 5 0 0 0 0 0 1 1 1
2658 2 1 1 0 0 0 1 0 0
2669 2 0 0 0 0 0 0 0 0
2702 2 1 1 1 0 0 0 0 0
2703 1 0 0 0 0 0 1 0 0
2708 2 0 0 1 0 0 0 0 0
2711 2 0 0 1 0 0 0 0 0
2713 1 0 0 0 0 0 0 0 0
2714 1 0 0 0 0 0 0 0 0
2715 1 0 0 0 0 0 1 0 0
2716 8 1 1 0 0 0 1 0 0
2717 2 0 0 0 0 0 1 0 0
2719 1 0 0 0 0 0 0 0 0
3304 40 1 1 0 0 0 35 1 0
3334 50 0 0 0 0 0 0 0 0
3342 10 1 1 5 3 1 0 0 0
3379 10 2 2 0 0 0 0 0 0
3381 10 0 0 0 0 0 0 0 0
3382 10 0 0 0 0 0 0 0 0
3384 15 0 0 5 3 1 0 0 0
3386 2 0 0 0 0 0 0 0 0
3425 4 1 1 1 0 0 2 0 0
3444 25 1 1 5 2 0 0 0 0
3578 10 1 1 0 0 0 0 0 0
3651 5 0 0 0 0 0 0 0 0
3652 10 0 0 0 0 0 0 0 0
3653 10 0 0 0 0 0 0 0 0
3654 10 0 0 5 2 0 0 0 0
3655 10 0 0 0 0 0 0 0 0
3660 30 1 1 0 0 0 0 0 0
3664 55 1 1 0 0 0 0 0 0
3667 60 0 0 15 3 0 0 0 0
3767 5 0 0 5 0 0 0 0 0
3768 15 0 0 5 0 0 0 0 0
3770 15 1 1 0 0 0 0 0 0
3772 4 1 1 0 0 0 0 0 0
3773 4 0 0 0 0 0 0 0 0
3774 4 0 0 0 0 0 4 0 0
3775 32 1 1 0 0 0 4 0 0
3777 8 0 0 0 0 0 4 4 4
3780 4 0 0 0 0 0 0 0 0
3787 2 0 0 1 0 0 0 0 0
3792 20 0 0 0 0 0 5 0 0
3794 125 1 1 0 0 0 50 2 0
3803 2 0 0 0 0 0 0 0 0
3808 45 1 1 35 0 0 0 0 0
4992 20 0 0 0 0 0 10 0 0
4994 15 2 2 5 0 0 5 0 0
5002 1 1 1 0 0 0 1 0 0
fn=calloc
3163 20 1 1 0 0 0 16 0 0
3173 8 0 0 0 0 0 0 0 0
3176 20 0 0 0 0 0 0 0 0
3186 8 0 0 8 4 0 0 0 0
3187 8 1 1 0 0 0 0 0 0
3199 44 0 0 16 4 0 0 0 0
3206 4 1 1 4 2 0 0 0 0
3207 8 0 0 4 2 0 0 0 0
3214 12 0 0 0 0 0 0 0 0
3221 16 1 1 0 0 0 4 1 0
3224 40 0 0 4 0 0 0 0 0
3240 20 1 1 12 0 0 0 0 0
3241 4 0 0 0 0 0 0 0 0
3244 12 0 0 4 0 0 0 0 0
3252 4 1 1 0 0 0 0 0 0
3255 32 1 1 4 0 0 0 0 0
3266 4 0 0 0 0 0 0 0 0
3267 8 0 0 0 0 0 0 0 0
3268 8 0 0 0 0 0 0 0 0
3270 8 0 0 0 0 0 0 0 0
3271 12 1 1 0 0 0 0 0 0
3296 20 0 0 16 0 0 0 0 0
fn=free
2829 64 1 1 64 0 0 0 0 0
2919 128 1 1 128 17 0 0 0 0
2920 128 0 0 0 0 0 0 0 0
2926 128 0 0 0 0 0 0 0 0
fn=malloc
2878 8 1 1 0 0 0 4 0 0
2883 4 0 0 4 3 0 0 0 0
2884 4 0 0 0 0 0 0 0 0
2885 2 1 1 1 0 0 0 0 0
2887 2 0 0 2 0 0 0 0 0
2889 8 1 1 2 1 0 0 0 0
2893 4 0 0 0 0 0 1 0 0
2894 2 0 0 0 0 0 0 0 0
2905 4 1 1 2 0 0 0 0 0
2906 8 0 0 1 0 0 0 0 0
2909 8 0 0 6 0 0 0 0 0
fn=malloc_consolidate
1787 381 0 0 0 0 0 0 0 0
1790 381 0 0 0 0 0 254 31 31
1794 3 1 1 0 0 0 0 0 0
1798 3 1 1 1 0 0 1 0 0
1799 2 0 0 0 0 0 1 0 0
1801 1 0 0 0 0 0 1 1 1
4106 8 1 1 0 0 0 6 1 0
4128 5 0 0 1 0 0 0 0 0
4201 8 0 0 7 0 0 0 0 0
5001 1 1 1 0 0 0 0 0 0
fl=/build/eglibc-SvCtMH/eglibc-2.19/malloc/morecore.c
fn=__default_morecore
46 2 1 1 0 0 0 0 0 0
47 2 0 0 0 0 0 2 0 0
49 6 0 0 0 0 0 0 0 0
52 6 0 0 2 0 0 0 0 0
fl=/build/eglibc-SvCtMH/eglibc-2.19/math/../sysdeps/ieee754/dbl-64/wordsize-64/s_isinf.c
fn=isinf
19 2 0 0 0 0 0 0 0 0
20 4 1 1 0 0 0 0 0 0
21 4 0 0 0 0 0 0 0 0
22 6 0 0 0 0 0 0 0 0
23 8 0 0 0 0 0 0 0 0
24 2 0 0 2 0 0 0 0 0
fl=/build/eglibc-SvCtMH/eglibc-2.19/math/../sysdeps/ieee754/dbl-64/wordsize-64/s_isnan.c
fn=isnan
26 2 0 0 0 0 0 0 0 0
27 4 1 1 0 0 0 0 0 0
28 4 0 0 0 0 0 0 0 0
29 2 1 1 0 0 0 0 0 0
30 2 0 0 2 0 0 0 0 0
fl=/build/eglibc-SvCtMH/eglibc-2.19/misc/../sysdeps/unix/syscall-template.S
fn=madvise
81 32 1 1 0 0 0 0 0 0
82 8 0 0 8 3 0 0 0 0
fn=mmap
81 85 3 3 0 0 0 0 0 0
82 17 0 0 17 0 0 0 0 0
fn=mprotect
81 48 2 2 0 0 0 0 0 0
82 12 0 0 12 0 0 0 0 0
fn=munmap
81 4 0 0 0 0 0 0 0 0
82 1 0 0 1 0 0 0 0 0
fl=/build/eglibc-SvCtMH/eglibc-2.19/misc/../sysdeps/unix/sysv/linux/getpagesize.c
fn=getpagesize
29 64 1 1 32 16 0 0 0 0
31 16 0 0 16 0 0 0 0 0
fl=/build/eglibc-SvCtMH/eglibc-2.19/misc/../sysdeps/unix/sysv/linux/x86_64/brk.c
fn=brk
28 2 0 0 0 0 0 0 0 0
31 16 1 1 2 0 0 2 0 0
33 4 0 0 0 0 0 0 0 0
39 2 0 0 0 0 0 0 0 0
40 2 0 0 2 0 0 0 0 0
fl=/build/eglibc-SvCtMH/eglibc-2.19/misc/../sysdeps/unix/sysv/linux/x86_64/clone.S
fn=clone
55 8 1 1 0 0 0 0 0 0
56 8 0 0 0 0 0 0 0 0
57 8 0 0 0 0 0 0 0 0
58 8 0 0 0 0 0 0 0 0
59 8 0 0 0 0 0 0 0 0
62 8 0 0 0 0 0 0 0 0
63 8 0 0 0 0 0 8 8 4
67 8 0 0 0 0 0 8 0 0
70 8 0 0 0 0 0 0 0 0
71 8 0 0 0 0 0 0 0 0
72 8 0 0 0 0 0 0 0 0
73 8 0 0 8 0 0 0 0 0
74 8 0 0 0 0 0 0 0 0
79 8 1 1 0 0 0 0 0 0
81 16 0 0 0 0 0 0 0 0
82 16 0 0 0 0 0 0 0 0
83 16 0 0 0 0 0 0 0 0
85 8 0 0 8 3 0 0 0 0
93 8 0 0 0 0 0 0 0 0
96 8 0 0 0 0 0 0 0 0
97 8 0 0 0 0 0 0 0 0
109 8 0 0 8 6 0 0 0 0
110 8 0 0 8 0 0 0 0 0
111 8 0 0 0 0 0 8 0 0
fl=/build/eglibc-SvCtMH/eglibc-2.19/misc/init-misc.c
fn=__init_misc
30 4 1 1 0 0 0 2 0 0
31 5 0 0 1 0 0 0 0 0
33 3 0 0 0 0 0 1 0 0
37 5 0 0 1 1 0 1 1 0
38 3 1 1 2 0 0 1 0 0
40 4 0 0 3 0 0 0 0 0
fl=/build/eglibc-SvCtMH/eglibc-2.19/misc/sbrk.c
fn=sbrk
34 8 1 1 0 0 0 6 0 0
42 11 1 1 5 3 1 0 0 0
43 6 1 1 1 0 0 1 0 0
46 4 0 0 0 0 0 0 0 0
50 4 0 0 0 0 0 0 0 0
53 3 0 0 0 0 0 1 0 0
57 10 0 0 8 0 0 0 0 0
fl=/build/eglibc-SvCtMH/eglibc-2.19/nptl/../nptl/pthread_mutex_lock.c
fn=_L_lock_909
151 30 3 2 0 0 0 6 6 3
fn=pthread_mutex_lock
63 20 1 1 0 0 0 0 0 0
66 30 0 0 10 5 0 0 0 0
70 30 0 0 0 0 0 0 0 0
74 20 0 0 0 0 0 0 0 0
76 24 0 0 8 6 0 0 0 0
79 40 0 0 8 0 0 0 0 0
80 24 0 0 8 0 0 0 0 0
83 4 1 1 0 0 0 0 0 0
94 8 0 0 0 0 0 0 0 0
98 2 0 0 2 0 0 0 0 0
101 4 0 0 2 0 0 0 0 0
114 8 2 1 2 0 0 0 0 0
116 4 0 0 2 0 0 0 0 0
117 4 0 0 0 0 0 2 0 0
158 10 1 1 10 6 0 0 0 0
161 10 0 0 0 0 0 10 0 0
163 10 0 0 10 0 0 0 0 0
168 10 0 0 0 0 0 0 0 0
169 20 0 0 10 6 0 0 0 0
fl=/build/eglibc-SvCtMH/eglibc-2.19/nptl/../nptl/sysdeps/pthread/createthread.c
fn=do_clone.constprop.3
51 56 1 1 0 0 0 24 0 0
59 32 0 0 0 0 0 0 0 0
73 8 0 0 16 0 0 0 0 0
75 72 1 1 0 0 0 16 0 0
78 16 0 0 0 0 0 0 0 0
96 16 0 0 0 0 0 0 0 0
140 8 0 0 0 0 0 8 3 0
142 8 0 0 0 0 0 0 0 0
143 40 0 0 32 3 0 0 0 0
fn=pthread_create@@GLIBC_2.2.5
151 16 0 0 8 0 0 0 0 0
186 32 1 1 8 0 0 0 0 0
237 8 0 0 0 0 0 0 0 0
238 24 0 0 8 0 0 0 0 0
239 24 0 0 8 0 0 0 0 0
240 8 0 0 0 0 0 0 0 0
241 8 0 0 0 0 0 8 0 0
242 16 0 0 8 0 0 8 0 0
245 32 0 0 0 0 0 8 0 0
248 32 1 1 0 0 0 0 0 0
fl=/build/eglibc-SvCtMH/eglibc-2.19/nptl/../nptl/sysdeps/pthread/list.h
fn=__deallocate_stack
60 16 0 0 8 0 0 8 0 0
61 16 0 0 0 0 0 8 0 0
62 8 0 0 0 0 0 8 1 0
64 8 0 0 0 0 0 8 0 0
72 24 0 0 16 0 0 8 1 0
73 16 0 0 8 0 0 8 5 0
fn=__pthread_initialize_minimal
60 2 0 0 0 0 0 1 0 0
61 1 0 0 0 0 0 1 0 0
62 1 1 1 0 0 0 1 0 0
64 1 0 0 0 0 0 1 0 0
fn=pthread_create@@GLIBC_2.2.5
60 16 1 1 8 0 0 8 0 0
61 16 0 0 0 0 0 8 0 0
62 8 0 0 0 0 0 8 2 0
64 8 0 0 0 0 0 8 0 0
72 12 0 0 8 0 0 4 0 0
73 8 0 0 4 0 0 4 0 0
fl=/build/eglibc-SvCtMH/eglibc-2.19/nptl/../nptl/sysdeps/unix/sysv/linux/libc_pthread_init.c
fn=__libc_pthread_init
42 2 1 1 0 0 0 1 0 0
44 1 0 0 0 0 0 1 1 1
47 6 0 0 0 0 0 1 0 0
66 164 1 1 0 0 0 0 0 0
68 54 0 0 54 2 0 0 0 0
69 108 0 0 54 0 0 0 0 0
70 54 0 0 0 0 0 54 6 6
72 1 0 0 0 0 0 1 0 0
78 3 0 0 2 0 0 0 0 0
fl=/build/eglibc-SvCtMH/eglibc-2.19/nptl/../nptl/sysdeps/unix/sysv/linux/register-atfork.c
fn=__linkin_atfork
116 2 1 1 1 1 0 1 0 0
117 6 0 0 2 1 0 0 0 0
119 1 0 0 1 0 0 0 0 0
fn=__register_atfork
44 2 1 1 0 0 0 0 0 0
51 2 0 0 0 0 0 0 0 0
52 3 0 0 1 1 1 0 0 0
71 3 0 0 0 0 0 0 0 0
72 1 0 0 0 0 0 1 0 0
73 1 1 1 0 0 0 1 0 0
86 7 1 1 0 0 0 3 0 0
88 6 0 0 2 2 2 0 0 0
95 1 0 0 0 0 0 1 0 0
96 1 0 0 0 0 0 1 0 0
97 1 0 0 0 0 0 1 0 0
98 2 0 0 0 0 0 1 0 0
104 4 0 0 2 0 0 0 0 0
106 3 0 0 0 0 0 0 0 0
107 5 0 0 4 0 0 0 0 0
116 2 0 0 1 0 0 1 0 0
117 6 1 1 2 0 0 0 0 0
fl=/build/eglibc-SvCtMH/eglibc-2.19/nptl/../nptl/sysdeps/unix/sysv/linux/unregister-atfork.c
fn=__unregister_atfork
28 4 0 0 0 0 0 2 0 0
36 2 1 1 2 1 0 0 0 0
39 12 0 0 0 0 0 0 0 0
40 12 0 0 4 2 0 0 0 0
45 4 0 0 4 1 0 0 0 0
121 4 0 0 4 0 0 0 0 0
fl=/build/eglibc-SvCtMH/eglibc-2.19/nptl/../nptl/sysdeps/unix/sysv/linux/x86/elision-conf.c
fn=elision_init
64 1 1 1 0 0 0 0 0 0
65 5 0 0 1 0 0 2 0 0
69 2 0 0 1 0 0 0 0 0
fl=/build/eglibc-SvCtMH/eglibc-2.19/nptl/../nptl/sysdeps/unix/sysv/linux/x86_64/cancellation.S
fn=__libc_disable_asynccancel
90 6 1 1 0 0 0 0 0 0
91 6 0 0 0 0 0 0 0 0
93 6 0 0 6 1 0 0 0 0
94 6 0 0 0 0 0 0 0 0
95 6 0 0 0 0 0 0 0 0
96 6 0 0 6 0 0 0 0 0
98 6 0 0 0 0 0 0 0 0
100 6 0 0 0 0 0 0 0 0
101 6 0 0 0 0 0 0 0 0
102 6 0 0 0 0 0 0 0 0
103 6 0 0 0 0 0 0 0 0
104 6 0 0 6 0 0 0 0 0
fn=__libc_enable_asynccancel
57 6 1 1 6 0 0 0 0 0
58 6 0 0 0 0 0 0 0 0
59 6 0 0 0 0 0 0 0 0
60 6 0 0 0 0 0 0 0 0
61 6 0 0 0 0 0 0 0 0
63 6 0 0 6 0 0 0 0 0
65 6 1 1 0 0 0 0 0 0
67 6 0 0 0 0 0 0 0 0
68 6 0 0 0 0 0 0 0 0
69 6 0 0 0 0 0 0 0 0
71 6 0 0 6 0 0 0 0 0
fn=__pthread_disable_asynccancel
90 8 1 1 0 0 0 0 0 0
91 8 0 0 0 0 0 0 0 0
93 8 0 0 8 3 0 0 0 0
94 8 1 1 0 0 0 0 0 0
95 8 0 0 0 0 0 0 0 0
96 8 0 0 8 0 0 0 0 0
98 8 0 0 0 0 0 0 0 0
100 8 0 0 0 0 0 0 0 0
101 8 0 0 0 0 0 0 0 0
102 8 0 0 0 0 0 0 0 0
103 8 0 0 0 0 0 0 0 0
104 8 0 0 8 0 0 0 0 0
fn=__pthread_enable_asynccancel
57 8 1 1 8 1 0 0 0 0
58 8 0 0 0 0 0 0 0 0
59 8 0 0 0 0 0 0 0 0
60 8 0 0 0 0 0 0 0 0
61 8 0 0 0 0 0 0 0 0
63 8 0 0 8 0 0 0 0 0
65 8 0 0 0 0 0 0 0 0
67 8 0 0 0 0 0 0 0 0
68 8 0 0 0 0 0 0 0 0
69 8 0 0 0 0 0 0 0 0
71 8 0 0 8 0 0 0 0 0
fl=/build/eglibc-SvCtMH/eglibc-2.19/nptl/../nptl/sysdeps/unix/sysv/linux/x86_64/lowlevellock.S
fn=__lll_lock_wait
118 6 2 1 0 0 0 6 0 0
120 6 0 0 0 0 0 6 0 0
124 6 0 0 0 0 0 0 0 0
125 6 0 0 0 0 0 0 0 0
126 6 0 0 0 0 0 0 0 0
128 6 0 0 0 0 0 0 0 0
129 6 0 0 0 0 0 0 0 0
132 6 0 0 0 0 0 0 0 0
133 6 0 0 0 0 0 0 0 0
135 8 0 0 0 0 0 0 0 0
136 8 0 0 16 0 0 0 0 0
138 8 0 0 0 0 0 0 0 0
139 8 0 0 0 0 0 0 0 0
141 6 0 0 6 6 0 0 0 0
144 6 0 0 6 0 0 0 0 0
147 6 0 0 6 0 0 0 0 0
fn=__lll_unlock_wake
358 8 1 1 0 0 0 8 0 0
360 8 0 0 0 0 0 8 0 0
365 8 0 0 0 0 0 8 0 0
366 8 0 0 0 0 0 0 0 0
367 8 0 0 0 0 0 0 0 0
368 8 0 0 0 0 0 0 0 0
369 8 0 0 0 0 0 0 0 0
371 8 0 0 8 0 0 0 0 0
374 8 0 0 8 0 0 0 0 0
377 8 0 0 8 0 0 0 0 0
fl=/build/eglibc-SvCtMH/eglibc-2.19/nptl/../sysdeps/unix/sysv/linux/bits/sigset.h
fn=__pthread_initialize_minimal
117 2 1 1 1 0 0 0 0 0
fl=/build/eglibc-SvCtMH/eglibc-2.19/nptl/../sysdeps/unix/sysv/linux/x86_64/sigaction.c
fn=__libc_sigaction
49 4 1 1 0 0 0 0 0 0
53 4 0 0 0 0 0 0 0 0
55 4 0 0 2 0 0 2 0 0
56 64 2 2 32 0 0 32 1 0
57 8 0 0 2 0 0 2 0 0
59 4 1 1 0 0 0 2 0 0
64 34 1 1 0 0 0 0 0 0
67 8 0 0 0 0 0 0 0 0
75 4 0 0 2 0 0 0 0 0
fl=/build/eglibc-SvCtMH/eglibc-2.19/nptl/../sysdeps/x86_64/multiarch/init-arch.c
fn=__get_cpu_features
31 7 0 0 0 0 0 4 0 0
37 3 0 0 0 0 0 0 0 0
38 3 0 0 0 0 0 0 0 0
39 2 1 1 0 0 0 0 0 0
54 3 0 0 0 0 0 1 0 0
57 6 1 1 0 0 0 0 0 0
59 4 0 0 0 0 0 0 0 0
65 3 0 0 0 0 0 0 0 0
66 2 0 0 0 0 0 0 0 0
71 2 0 0 0 0 0 0 0 0
74 4 1 1 0 0 0 0 0 0
101 2 1 1 0 0 0 0 0 0
123 1 0 0 1 1 1 0 0 0
152 2 1 1 1 0 0 0 0 0
153 7 1 1 0 0 0 4 0 0
160 3 0 0 1 0 0 0 0 0
164 2 0 0 0 0 0 0 0 0
166 3 0 0 0 0 0 0 0 0
170 2 0 0 0 0 0 0 0 0
171 1 0 0 1 0 0 0 0 0
173 2 0 0 0 0 0 0 0 0
174 1 1 1 1 0 0 0 0 0
176 2 0 0 1 0 0 0 0 0
184 6 1 1 0 0 0 0 0 0
185 4 0 0 0 0 0 0 0 0
187 2 1 1 1 0 0 0 0 0
189 1 0 0 0 0 0 1 0 0
190 1 0 0 0 0 0 1 0 0
192 1 0 0 0 0 0 1 0 0
199 1 0 0 0 0 0 1 0 0
200 3 1 1 1 1 1 0 0 0
204 3 0 0 2 0 0 0 0 0
fl=/build/eglibc-SvCtMH/eglibc-2.19/nptl/allocatestack.c
fn=__deallocate_stack
139 8 0 0 0 0 0 8 0 0
147 8 0 0 0 0 0 8 0 0
154 24 1 1 0 0 0 8 0 0
162 8 2 1 0 0 0 8 0 0
308 24 0 0 16 0 0 8 0 0
309 16 0 0 0 0 0 0 0 0
759 16 1 1 0 0 0 0 0 0
760 32 0 0 8 3 0 0 0 0
764 8 1 1 0 0 0 0 0 0
770 16 0 0 8 0 0 0 0 0
776 16 0 0 16 0 0 0 0 0
777 16 0 0 8 0 0 0 0 0
fn=pthread_create@@GLIBC_2.2.5
139 4 1 1 0 0 0 4 0 0
154 24 1 1 0 0 0 8 0 0
162 8 0 0 0 0 0 8 0 0
176 8 0 0 0 0 0 0 0 0
179 32 0 0 8 3 1 0 0 0
187 65 0 0 18 3 0 0 0 0
191 30 0 0 6 0 0 0 0 0
192 60 1 1 20 7 0 0 0 0
194 20 0 0 0 0 0 0 0 0
200 20 0 0 0 0 0 0 0 0
206 8 1 1 0 0 0 0 0 0
209 12 0 0 4 0 0 0 0 0
212 8 1 1 8 0 0 0 0 0
218 4 0 0 0 0 0 4 3 0
221 12 0 0 0 0 0 4 0 0
227 8 0 0 8 0 0 0 0 0
230 8 0 0 8 0 0 0 0 0
233 8 0 0 4 0 0 4 0 0
234 8 0 0 4 0 0 4 0 0
237 4 1 1 0 0 0 4 3 0
238 4 0 0 0 0 0 4 0 0
241 4 0 0 0 0 0 4 4 0
244 20 1 1 8 6 0 4 0 0
245 132 0 0 0 0 0 0 0 0
246 180 0 0 60 14 0 0 0 0
247 168 0 0 56 0 0 0 0 0
248 228 0 0 112 0 0 56 0 0
249 20 0 0 4 0 0 4 0 0
252 12 0 0 4 0 0 4 0 0
353 24 0 0 0 0 0 8 0 0
356 24 1 1 0 0 0 0 0 0
361 24 0 0 8 0 0 0 0 0
371 24 1 1 8 0 0 0 0 0
475 80 1 1 32 8 0 8 0 0
486 16 0 0 8 4 0 0 0 0
487 16 0 0 0 0 0 0 0 0
491 56 0 0 8 0 0 8 0 0
492 16 1 1 0 0 0 0 0 0
493 24 0 0 8 0 0 0 0 0
494 8 0 0 0 0 0 0 0 0
509 20 0 0 0 0 0 4 0 0
513 28 1 1 4 0 0 8 0 0
516 12 0 0 4 0 0 0 0 0
521 8 0 0 4 0 0 0 0 0
548 16 0 0 8 0 0 4 0 0
557 4 0 0 0 0 0 4 4 4
558 4 0 0 0 0 0 4 0 0
563 8 1 1 0 0 0 4 4 4
566 4 0 0 0 0 0 4 4 4
568 12 0 0 4 0 0 8 1 0
583 4 0 0 0 0 0 4 4 4
586 8 1 1 4 2 0 4 4 4
589 20 0 0 4 0 0 4 0 0
602 16 0 0 4 0 0 0 0 0
605 4 0 0 0 0 0 0 0 0
607 8 1 1 8 0 0 0 0 0
614 8 0 0 4 0 0 0 0 0
641 24 1 1 16 0 0 0 0 0
650 24 1 1 8 0 0 4 0 0
675 24 0 0 8 0 0 0 0 0
706 16 1 1 4 0 0 8 0 0
711 16 1 1 8 0 0 8 0 0
716 8 0 0 0 0 0 8 0 0
721 8 0 0 0 0 0 8 0 0
724 8 0 0 0 0 0 8 0 0
726 16 1 1 0 0 0 8 0 0
728 8 0 0 0 0 0 8 0 0
735 24 0 0 8 0 0 0 0 0
fl=/build/eglibc-SvCtMH/eglibc-2.19/nptl/cleanup_compat.c
fn=_pthread_cleanup_pop
47 16 0 0 8 3 0 8 3 0
51 24 0 0 8 0 0 0 0 0
fn=_pthread_cleanup_push
31 8 1 1 0 0 0 8 0 0
32 8 0 0 0 0 0 8 0 0
33 16 0 0 8 2 0 8 0 0
35 16 0 0 8 0 0 8 0 0
fl=/build/eglibc-SvCtMH/eglibc-2.19/nptl/cleanup_defer_compat.c
fn=_pthread_cleanup_pop_restore
68 12 0 0 6 1 0 6 1 0
71 18 1 1 6 0 0 0 0 0
94 18 0 0 6 0 0 0 0 0
fn=_pthread_cleanup_push_defer
30 6 1 1 0 0 0 6 4 4
31 6 0 0 0 0 0 6 0 0
32 12 0 0 6 4 0 6 0 0
34 6 0 0 6 4 0 0 0 0
37 18 0 0 0 0 0 0 0 0
52 6 0 0 0 0 0 6 0 0
54 18 0 0 0 0 0 0 0 0
56 12 1 1 6 0 0 6 0 0
fl=/build/eglibc-SvCtMH/eglibc-2.19/nptl/nptl-init.c
fn=__pthread_initialize_minimal
281 4 2 2 0 0 0 3 0 0
295 1 0 0 1 0 0 0 0 0
297 5 0 0 0 0 0 2 1 0
298 2 0 0 0 0 0 1 1 0
299 1 0 0 0 0 0 1 1 0
303 3 1 1 2 0 0 1 0 0
308 2 0 0 0 0 0 1 0 0
310 1 0 0 0 0 0 1 0 0
312 1 0 0 0 0 0 1 0 0
315 3 0 0 0 0 0 0 0 0
340 1 1 1 0 0 0 1 0 0
346 8 0 0 0 0 0 1 0 0
349 2 0 0 0 0 0 0 0 0
350 2 0 0 0 0 0 0 0 0
351 2 0 0 0 0 0 1 1 1
358 3 1 1 2 1 0 1 1 0
361 2 0 0 0 0 0 1 1 1
362 1 0 0 0 0 0 0 0 0
366 2 0 0 1 1 0 1 0 0
372 2 1 1 0 0 0 1 0 0
373 1 0 0 0 0 0 1 0 0
374 22 0 0 0 0 0 16 0 0
376 4 0 0 0 0 0 1 0 0
379 2 0 0 0 0 0 1 0 0
380 1 0 0 0 0 0 1 0 0
382 4 0 0 0 0 0 1 0 0
389 6 0 0 0 0 0 0 0 0
395 3 0 0 0 0 0 1 0 0
398 3 0 0 1 0 0 0 0 0
400 3 2 2 0 0 0 1 0 0
402 6 1 1 1 0 0 1 0 0
407 5 1 1 0 0 0 1 0 0
408 3 0 0 1 0 0 0 0 0
412 1 0 0 0 0 0 0 0 0
415 3 0 0 0 0 0 0 0 0
419 2 0 0 2 0 0 0 0 0
420 5 0 0 1 0 0 0 0 0
425 5 1 1 0 0 0 1 0 0
426 4 0 0 1 0 0 0 0 0
427 2 0 0 1 0 0 1 1 1
428 1 0 0 0 0 0 1 1 1
429 2 0 0 2 0 0 0 0 0
433 5 1 1 2 0 0 3 0 0
434 2 0 0 1 0 0 1 0 0
438 2 1 1 0 0 0 1 1 0
439 2 0 0 0 0 0 1 0 0
440 1 0 0 1 1 0 0 0 0
441 1 0 0 0 0 0 1 0 0
442 2 0 0 0 0 0 0 0 0
443 1 0 0 0 0 0 0 0 0
445 2 0 0 0 0 0 1 0 0
448 2 0 0 0 0 0 1 0 0
450 2 0 0 0 0 0 1 0 0
454 1 0 0 0 0 0 1 0 0
456 4 1 1 0 0 0 1 0 0
460 1 0 0 0 0 0 1 0 0
461 5 0 0 4 0 0 0 0 0
fl=/build/eglibc-SvCtMH/eglibc-2.19/nptl/pthread_create.c
fn=__free_tcb
203 16 1 1 0 0 0 8 0 0
205 32 0 0 16 5 0 0 0 0
215 24 0 0 8 6 0 0 0 0
226 16 0 0 0 0 0 0 0 0
228 8 0 0 8 0 0 0 0 0
fn=__nptl_deallocate_tsd
113 32 3 2 8 0 0 0 0 0
195 8 1 1 8 0 0 0 0 0
fn=pthread_create@@GLIBC_2.2.5
466 96 2 2 0 0 0 72 0 0
471 8 0 0 0 0 0 8 0 0
472 16 0 0 0 0 0 0 0 0
474 32 2 1 8 4 0 0 0 0
475 112 0 0 56 8 0 56 0 0
477 16 1 1 0 0 0 0 0 0
495 16 1 1 16 0 0 0 0 0
496 16 1 1 0 0 0 0 0 0
519 8 0 0 0 0 0 8 0 0
522 8 0 0 0 0 0 8 0 0
528 16 0 0 8 0 0 8 4 4
529 16 1 1 8 0 0 8 0 0
532 8 0 0 8 0 0 0 0 0
533 32 0 0 8 0 0 8 4 4
534 24 0 0 8 3 0 0 0 0
539 32 0 0 0 0 0 8 0 0
542 48 1 1 24 4 0 24 0 0
547 16 0 0 8 4 0 8 0 0
548 16 0 0 8 0 0 8 0 0
552 16 1 1 8 0 0 8 0 0
557 16 0 0 8 0 0 8 0 0
561 24 0 0 8 0 0 0 0 0
606 16 0 0 8 0 0 8 3 0
614 16 0 0 8 3 0 0 0 0
617 8 0 0 0 0 0 0 0 0
618 64 0 0 56 6 0 0 0 0
fn=start_thread
233 32 1 1 0 0 0 16 8 4
239 32 0 0 0 0 0 0 0 0
240 8 0 0 0 0 0 8 6 0
245 24 0 0 8 7 0 8 6 0
249 8 0 0 0 0 0 8 0 0
252 32 2 1 16 0 0 0 0 0
263 40 0 0 8 0 0 0 0 0
271 16 0 0 8 0 0 0 0 0
286 8 0 0 0 0 0 8 8 4
287 8 1 1 0 0 0 8 0 0
290 24 0 0 0 0 0 8 0 0
291 16 0 0 0 0 0 0 0 0
294 16 0 0 0 0 0 8 5 0
296 24 0 0 16 0 0 0 0 0
312 24 1 1 16 6 0 16 8 0
322 8 0 0 0 0 0 8 0 0
325 8 0 0 0 0 0 8 0 0
329 8 0 0 0 0 0 8 0 0
335 32 0 0 16 8 0 0 0 0
340 24 0 0 16 0 0 0 0 0
370 16 1 1 24 4 0 0 0 0
405 24 0 0 0 0 0 8 0 0
408 40 0 0 8 8 0 0 0 0
409 16 0 0 8 0 0 0 0 0
410 16 1 1 0 0 0 0 0 0
411 32 1 1 0 0 0 8 0 0
430 24 0 0 16 3 0 0 0 0
433 16 0 0 8 3 0 0 0 0
453 24 0 0 0 0 0 0 0 0
fl=/build/eglibc-SvCtMH/eglibc-2.19/nptl/pthread_join.c
fn=pthread_join
43 64 2 2 0 0 0 48 0 0
47 40 0 0 8 2 0 0 0 0
52 16 0 0 8 7 0 0 0 0
54 8 0 0 0 0 0 0 0 0
56 8 0 0 8 2 0 0 0 0
64 56 1 1 0 0 0 8 0 0
67 16 0 0 0 0 0 8 0 0
69 16 0 0 0 0 0 0 0 0
70 16 0 0 8 3 0 0 0 0
85 24 0 0 8 0 0 0 0 0
92 53 2 1 11 3 0 0 0 0
96 16 0 0 0 0 0 8 3 0
99 24 0 0 0 0 0 8 0 0
105 8 0 0 0 0 0 8 0 0
108 16 2 1 0 0 0 0 0 0
109 16 0 0 8 1 0 8 3 0
113 24 0 0 0 0 0 8 0 0
119 64 0 0 56 0 0 0 0 0
fl=/build/eglibc-SvCtMH/eglibc-2.19/nptl/pthread_mutex_init.c
fn=pthread_mutex_init
43 1 0 0 0 0 0 0 0 0
49 3 2 2 0 0 0 0 0 0
52 4 0 0 1 1 1 0 0 0
84 5 1 1 0 0 0 5 1 1
87 4 0 0 2 0 0 1 0 0
89 2 0 0 0 0 0 0 0 0
100 6 1 1 0 0 0 0 0 0
128 2 1 1 0 0 0 0 0 0
141 1 0 0 0 0 0 0 0 0
142 2 0 0 1 0 0 0 0 0
fl=/build/eglibc-SvCtMH/eglibc-2.19/nptl/pthread_mutex_unlock.c
fn=_L_unlock_722
87 40 1 1 0 0 0 8 7 0
fn=pthread_mutex_unlock
41 30 1 1 10 9 0 0 0 0
42 30 1 1 0 0 0 0 0 0
46 20 0 0 0 0 0 0 0 0
51 10 0 0 0 0 0 10 0 0
54 10 0 0 10 0 0 0 0 0
57 30 0 0 20 0 0 0 0 0
63 4 0 0 0 0 0 0 0 0
69 8 2 1 0 0 0 0 0 0
73 6 0 0 4 1 0 0 0 0
76 4 2 1 2 0 0 0 0 0
309 10 0 0 0 0 0 0 0 0
311 20 0 0 10 0 0 0 0 0
fl=/build/eglibc-SvCtMH/eglibc-2.19/posix/../sysdeps/unix/syscall-template.S
fn=uname
81 4 1 1 0 0 0 0 0 0
82 1 0 0 1 0 0 0 0 0
fl=/build/eglibc-SvCtMH/eglibc-2.19/posix/../sysdeps/unix/sysv/linux/_exit.c
fn=_Exit
28 2 1 1 1 0 0 0 0 0
32 4 1 1 0 0 0 0 0 0
34 2 0 0 0 0 0 0 0 0
fl=/build/eglibc-SvCtMH/eglibc-2.19/resource/../sysdeps/unix/syscall-template.S
fn=getrlimit
81 4 1 1 0 0 0 0 0 0
82 1 0 0 1 0 0 0 0 0
fl=/build/eglibc-SvCtMH/eglibc-2.19/setjmp/../sysdeps/x86_64/bsd-_setjmp.S
fn=_setjmp
30 9 1 1 0 0 0 0 0 0
32 9 0 0 0 0 0 0 0 0
fl=/build/eglibc-SvCtMH/eglibc-2.19/setjmp/../sysdeps/x86_64/setjmp.S
fn=__sigsetjmp
26 15 2 2 0 0 0 15 0 0
35 15 0 0 0 0 0 0 0 0
36 30 1 1 15 6 0 0 0 0
37 15 0 0 0 0 0 15 0 0
41 15 0 0 0 0 0 15 0 0
42 15 0 0 0 0 0 15 1 1
43 15 0 0 0 0 0 15 0 0
44 15 0 0 0 0 0 15 0 0
45 15 0 0 0 0 0 0 0 0
47 30 0 0 15 0 0 0 0 0
49 15 0 0 0 0 0 15 0 0
50 15 0 0 15 0 0 0 0 0
53 30 1 1 15 0 0 0 0 0
55 15 1 1 0 0 0 15 0 0
59 6 0 0 0 0 0 0 0 0
60 6 0 0 6 0 0 0 0 0
64 9 0 0 0 0 0 0 0 0
fl=/build/eglibc-SvCtMH/eglibc-2.19/setjmp/sigjmp.c
fn=__sigjmp_save
28 18 0 0 0 0 0 9 0 0
29 36 0 0 0 0 0 9 0 0
34 27 0 0 18 0 0 0 0 0
fl=/build/eglibc-SvCtMH/eglibc-2.19/stdio-common/../include/rounding-mode.h
fn=__printf_fp
52 4 1 1 0 0 0 0 0 0
fl=/build/eglibc-SvCtMH/eglibc-2.19/stdio-common/../nptl/sysdeps/pthread/allocalim.h
fn=__printf_fp
28 4 0 0 0 0 0 0 0 0
fl=/build/eglibc-SvCtMH/eglibc-2.19/stdio-common/../sysdeps/generic/get-rounding-mode.h
fn=__printf_fp
93 2 2 1 0 0 0 2 0 0
94 14 1 1 2 0 0 0 0 0
fl=/build/eglibc-SvCtMH/eglibc-2.19/stdio-common/_itoa.c
fn=_itoa_word
168 32 1 1 0 0 0 0 0 0
170 16 0 0 0 0 0 0 0 0
179 112 2 2 8 4 1 8 0 0
188 16 0 0 8 0 0 0 0 0
fl=/build/eglibc-SvCtMH/eglibc-2.19/stdio-common/printf-parse.h
fn=vfprintf
108 64 0 0 0 0 0 32 8 4
fl=/build/eglibc-SvCtMH/eglibc-2.19/stdio-common/printf_fp.c
fn=__printf_fp
161 20 1 1 0 0 0 12 0 0
175 2 0 0 0 0 0 2 0 0
176 2 1 1 0 0 0 2 1 0
194 2 1 1 0 0 0 2 0 0
196 2 0 0 0 0 0 2 1 0
208 2 1 1 0 0 0 0 0 0
215 12 0 0 2 0 0 2 0 0
274 4 0 0 0 0 0 0 0 0
276 12 0 0 8 6 0 4 1 0
277 4 0 0 2 0 0 2 0 0
300 6 1 1 2 0 0 0 0 0
342 2 1 1 0 0 0 2 0 0
349 4 0 0 0 0 0 0 0 0
351 2 0 0 2 0 0 0 0 0
396 6 1 1 2 0 0 2 0 0
400 6 0 0 0 0 0 2 1 0
415 10 1 1 2 0 0 2 0 0
431 20 2 2 2 0 0 6 0 0
435 8 0 0 0 0 0 0 0 0
471 14 2 1 2 0 0 0 0 0
472 2 0 0 0 0 0 0 0 0
473 2 0 0 0 0 0 0 0 0
474 2 0 0 0 0 0 0 0 0
475 12 0 0 0 0 0 2 0 0
476 8 2 1 0 0 0 2 0 0
477 8 0 0 0 0 0 2 0 0
483 2 0 0 0 0 0 2 0 0
484 4 0 0 0 0 0 0 0 0
493 6 0 0 0 0 0 0 0 0
501 18 1 1 0 0 0 2 2 0
503 12 1 1 0 0 0 0 0 0
504 20 0 0 4 0 0 2 0 0
505 24 3 2 0 0 0 4 0 0
506 12 1 1 4 0 0 4 0 0
508 4 2 1 0 0 0 0 0 0
513 26 1 1 0 0 0 0 0 0
517 130 0 0 26 10 5 0 0 0
519 4 0 0 0 0 0 0 0 0
542 2 0 0 2 0 0 0 0 0
543 12 0 0 4 0 0 2 0 0
558 18 0 0 6 0 0 2 0 0
561 10 0 0 4 0 0 4 0 0
562 8 1 1 6 0 0 0 0 0
563 8 0 0 0 0 0 0 0 0
564 10 0 0 2 0 0 0 0 0
567 26 0 0 0 0 0 0 0 0
569 102 0 0 24 0 0 0 0 0
570 4 0 0 2 0 0 2 0 0
576 10 1 1 2 0 0 0 0 0
580 22 1 1 8 0 0 0 0 0
584 6 2 1 2 0 0 0 0 0
586 4 0 0 0 0 0 0 0 0
612 4 1 1 2 0 0 0 0 0
615 12 1 1 0 0 0 0 0 0
623 2 1 1 0 0 0 0 0 0
631 14 0 0 0 0 0 4 0 0
633 4 1 1 0 0 0 0 0 0
646 2 0 0 2 0 0 0 0 0
647 14 0 0 6 0 0 2 0 0
650 18 1 1 6 0 0 2 0 0
828 4 0 0 2 0 0 2 0 0
837 2 0 0 0 0 0 2 0 0
838 12 0 0 8 6 1 2 0 0
840 4 1 1 0 0 0 0 0 0
850 4 0 0 2 0 0 0 0 0
852 2 0 0 0 0 0 2 0 0
853 18 3 3 4 0 0 6 0 0
854 2 0 0 0 0 0 2 0 0
855 2 0 0 0 0 0 2 0 0
856 6 0 0 2 0 0 0 0 0
858 6 0 0 2 0 0 2 0 0
860 4 0 0 0 0 0 2 0 0
898 6 1 1 2 0 0 0 0 0
912 12 1 1 2 0 0 0 0 0
913 2 0 0 2 0 0 0 0 0
919 4 1 1 2 0 0 0 0 0
920 2 0 0 0 0 0 2 0 0
921 2 0 0 0 0 0 2 0 0
929 12 2 1 2 0 0 2 0 0
930 4 0 0 2 0 0 0 0 0
933 6 0 0 2 0 0 0 0 0
936 44 2 2 14 0 0 6 0 0
939 16 0 0 0 0 0 8 2 0
941 2 1 1 0 0 0 2 0 0
942 4 0 0 2 0 0 0 0 0
943 6 0 0 2 0 0 0 0 0
945 12 0 0 4 0 0 2 0 0
957 6 0 0 0 0 0 2 0 0
958 36 0 0 14 0 0 14 0 0
959 42 1 1 0 0 0 0 0 0
960 12 1 1 2 0 0 0 0 0
962 12 0 0 0 0 0 0 0 0
963 36 0 0 12 0 0 24 0 0
964 36 1 1 0 0 0 0 0 0
966 6 0 0 2 0 0 0 0 0
975 6 0 0 4 0 0 0 0 0
976 8 0 0 2 0 0 6 0 0
978 12 1 1 4 0 0 0 0 0
979 3 0 0 0 0 0 0 0 0
980 3 0 0 1 0 0 0 0 0
983 2 0 0 1 0 0 0 0 0
1036 2 2 1 0 0 0 0 0 0
1094 6 1 1 0 0 0 0 0 0
1101 4 0 0 0 0 0 0 0 0
1104 4 1 1 2 0 0 0 0 0
1117 6 1 1 2 0 0 0 0 0
1163 12 1 1 4 0 0 0 0 0
1165 14 1 1 2 0 0 4 0 0
1167 14 0 0 2 0 0 0 0 0
1170 4 0 0 0 0 0 0 0 0
1172 6 2 1 2 0 0 0 0 0
1174 4 1 1 0 0 0 0 0 0
1175 12 2 2 8 0 0 0 0 0
1177 8 1 1 2 0 0 0 0 0
1186 6 0 0 2 0 0 0 0 0
1192 6 0 0 2 0 0 0 0 0
1196 8 1 1 2 0 0 6 0 0
1198 8 0 0 4 0 0 0 0 0
1199 4 0 0 0 0 0 2 0 0
1203 4 1 1 2 0 0 0 0 0
1204 4 0 0 2 0 0 0 0 0
1205 4 1 1 2 0 0 0 0 0
1216 10 0 0 0 0 0 0 0 0
1217 4 0 0 0 0 0 2 0 0
1223 82 1 1 4 0 0 8 0 0
1224 54 0 0 18 0 0 0 0 0
1225 10 0 0 4 0 0 2 0 0
1226 32 0 0 0 0 0 0 0 0
1229 32 0 0 0 0 0 16 0 0
1232 2 0 0 0 0 0 0 0 0
1233 4 1 1 2 0 0 0 0 0
1250 352 8 6 92 0 0 54 0 0
1253 4 1 1 2 0 0 0 0 0
1260 6 0 0 2 0 0 0 0 0
1264 16 2 1 14 0 0 0 0 0
fn=hack_digit.13665
231 72 1 1 0 0 0 36 0 0
234 54 0 0 18 0 0 0 0 0
236 54 1 1 18 0 0 0 0 0
243 54 0 0 18 0 0 0 0 0
247 108 1 1 54 0 0 18 2 0
248 90 0 0 54 0 0 18 0 0
249 18 0 0 18 0 0 0 0 0
251 18 2 1 0 0 0 18 0 0
252 126 0 0 36 0 0 0 0 0
263 54 0 0 0 0 0 18 0 0
264 36 0 0 0 0 0 0 0 0
265 65 0 0 26 0 0 26 0 0
269 126 1 1 54 0 0 0 0 0
fl=/build/eglibc-SvCtMH/eglibc-2.19/stdio-common/vfprintf.c
fn=vfprintf
235 66 1 1 0 0 0 36 5 3
240 6 1 1 0 0 0 6 0 0
270 18 0 0 12 10 0 6 6 4
274 6 0 0 0 0 0 6 2 0
277 6 0 0 0 0 0 6 4 4
283 6 0 0 0 0 0 6 0 0
1295 29 1 1 6 5 0 1 0 0
1299 30 0 0 6 0 0 0 0 0
1310 12 0 0 0 0 0 0 0 0
1317 6 0 0 0 0 0 6 0 0
1321 36 1 1 18 0 0 18 6 4
1325 6 0 0 0 0 0 6 0 0
1332 6 0 0 0 0 0 6 0 0
1336 84 4 4 24 5 0 18 0 0
1337 48 1 1 30 0 0 0 0 0
1340 78 1 1 18 5 0 18 0 0
1344 18 1 1 12 0 0 0 0 0
1348 42 1 1 18 10 0 0 0 0
1375 10 0 0 0 0 0 10 4 4
1376 10 1 1 0 0 0 10 0 0
1377 10 0 0 0 0 0 10 0 0
1378 10 0 0 0 0 0 10 0 0
1379 10 0 0 0 0 0 10 2 0
1380 10 0 0 0 0 0 10 0 0
1381 10 0 0 0 0 0 10 0 0
1382 10 1 1 0 0 0 10 0 0
1383 10 0 0 0 0 0 10 0 0
1384 10 0 0 0 0 0 10 0 0
1385 10 0 0 0 0 0 10 0 0
1388 10 0 0 0 0 0 10 0 0
1389 10 0 0 0 0 0 10 0 0
1392 10 0 0 0 0 0 10 0 0
1393 10 0 0 0 0 0 0 0 0
1396 170 2 2 40 11 3 20 0 0
1559 30 0 0 0 0 0 10 2 0
1580 20 0 0 0 0 0 10 4 4
1632 8 1 1 0 0 0 4 0 0
1633 68 2 2 20 4 1 8 0 0
1660 1000 35 31 325 0 0 120 2 0
1678 12 0 0 4 0 0 0 0 0
1680 20 1 1 10 0 0 0 0 0
1682 10 0 0 0 0 0 10 0 0
1688 40 1 1 10 0 0 20 0 0
1692 230 1 1 50 1 0 30 0 0
1694 20 0 0 10 1 0 0 0 0
2091 12 1 1 6 0 0 0 0 0
2093 12 0 0 6 1 0 0 0 0
2095 12 0 0 6 0 0 0 0 0
2098 30 0 0 18 1 0 0 0 0
2099 60 0 0 18 2 0 6 0 0
2101 6 0 0 6 0 0 0 0 0
2102 48 0 0 42 2 0 0 0 0
fl=/build/eglibc-SvCtMH/eglibc-2.19/stdlib/../stdlib/strtol.c
fn=strtol
108 4 1 1 2 0 0 0 0 0
fl=/build/eglibc-SvCtMH/eglibc-2.19/stdlib/../stdlib/strtol_l.c
fn=____strtol_l_internal
232 9 2 2 0 0 0 7 0 0
246 1 0 0 1 0 0 0 0 0
252 1 0 0 0 0 0 0 0 0
258 2 0 0 0 0 0 0 0 0
279 1 0 0 0 0 0 0 0 0
280 1 0 0 0 0 0 0 0 0
289 4 0 0 0 0 0 0 0 0
298 6 0 0 3 2 1 0 0 0
300 2 1 1 0 0 0 0 0 0
304 1 0 0 0 0 0 1 0 0
305 2 0 0 0 0 0 0 0 0
310 2 0 0 0 0 0 0 0 0
314 2 1 1 0 0 0 0 0 0
324 2 0 0 0 0 0 0 0 0
331 3 0 0 0 0 0 0 0 0
334 5 1 1 0 0 0 0 0 0
376 1 0 0 0 0 0 0 0 0
379 3 0 0 1 1 1 0 0 0
380 3 1 1 1 1 1 1 0 0
382 1 0 0 0 0 0 0 0 0
383 1 0 0 0 0 0 0 0 0
384 1 0 0 0 0 0 0 0 0
438 7 1 1 1 0 0 0 0 0
440 3 0 0 0 0 0 0 0 0
442 3 0 0 0 0 0 0 0 0
456 2 0 0 0 0 0 1 0 0
470 3 1 1 0 0 0 0 0 0
473 4 0 0 0 0 0 0 0 0
478 2 0 0 0 0 0 0 0 0
479 2 0 0 0 0 0 0 0 0
484 2 0 0 0 0 0 0 0 0
489 3 0 0 1 0 0 0 0 0
495 2 0 0 0 0 0 0 0 0
496 3 2 2 0 0 0 0 0 0
498 3 0 0 1 0 0 0 0 0
513 1 0 0 0 0 0 0 0 0
531 8 0 0 7 0 0 0 0 0
fl=/build/eglibc-SvCtMH/eglibc-2.19/stdlib/../sysdeps/ieee754/dbl-64/dbl2mpn.c
fn=__mpn_extract_double
35 4 1 1 2 0 0 2 0 0
37 6 0 0 0 0 0 2 0 0
38 10 0 0 0 0 0 2 0 0
47 6 1 1 0 0 0 2 0 0
56 6 0 0 0 0 0 0 0 0
103 6 0 0 0 0 0 2 0 0
107 4 1 1 2 0 0 0 0 0
fl=/build/eglibc-SvCtMH/eglibc-2.19/stdlib/../sysdeps/x86_64/lshift.S
fn=__mpn_lshift
29 2 1 1 0 0 0 0 0 0
30 2 0 0 0 0 0 0 0 0
32 2 0 0 0 0 0 0 0 0
33 2 0 0 0 0 0 0 0 0
34 2 0 0 0 0 0 0 0 0
46 2 1 1 0 0 0 0 0 0
47 2 0 0 0 0 0 0 0 0
48 2 0 0 2 0 0 0 0 0
49 2 0 0 0 0 0 0 0 0
50 2 0 0 0 0 0 0 0 0
51 2 0 0 0 0 0 0 0 0
52 2 0 0 0 0 0 0 0 0
58 2 0 0 0 0 0 0 0 0
59 2 0 0 0 0 0 2 2 0
60 2 0 0 2 0 0 0 0 0
fl=/build/eglibc-SvCtMH/eglibc-2.19/stdlib/../sysdeps/x86_64/mul_1.S
fn=__mpn_mul_1
32 18 1 1 0 0 0 18 0 0
35 18 0 0 0 0 0 0 0 0
36 18 0 0 18 0 0 0 0 0
37 18 0 0 0 0 0 0 0 0
38 18 0 0 0 0 0 0 0 0
39 18 0 0 0 0 0 0 0 0
41 18 0 0 0 0 0 0 0 0
42 18 0 0 0 0 0 0 0 0
44 18 0 0 0 0 0 0 0 0
45 18 0 0 0 0 0 0 0 0
46 18 0 0 0 0 0 0 0 0
47 18 0 0 0 0 0 0 0 0
48 18 0 0 0 0 0 0 0 0
50 18 0 0 0 0 0 0 0 0
51 18 0 0 0 0 0 0 0 0
52 18 0 0 0 0 0 18 0 0
53 18 0 0 0 0 0 0 0 0
122 18 2 1 0 0 0 0 0 0
124 18 0 0 18 0 0 0 0 0
127 18 0 0 18 0 0 0 0 0
fl=/build/eglibc-SvCtMH/eglibc-2.19/stdlib/../sysdeps/x86_64/rshift.S
fn=__mpn_rshift
29 4 1 1 0 0 0 0 0 0
30 4 0 0 0 0 0 0 0 0
31 4 0 0 0 0 0 0 0 0
44 4 1 1 0 0 0 0 0 0
45 4 0 0 0 0 0 0 0 0
61 4 0 0 0 0 0 0 0 0
62 4 0 0 4 0 0 0 0 0
63 4 0 0 4 0 0 0 0 0
64 4 1 1 0 0 0 0 0 0
65 4 0 0 0 0 0 0 0 0
66 4 0 0 0 0 0 0 0 0
67 4 0 0 0 0 0 0 0 0
72 4 0 0 0 0 0 0 0 0
73 4 0 0 0 0 0 4 0 0
74 4 0 0 0 0 0 0 0 0
75 4 0 0 0 0 0 4 0 0
76 4 0 0 4 0 0 0 0 0
fl=/build/eglibc-SvCtMH/eglibc-2.19/stdlib/cmp.c
fn=__mpn_cmp
42 4 1 1 0 0 0 0 0 0
44 2 1 1 2 0 0 0 0 0
45 2 0 0 2 0 0 0 0 0
46 4 0 0 0 0 0 0 0 0
54 10 0 0 2 0 0 0 0 0
fl=/build/eglibc-SvCtMH/eglibc-2.19/stdlib/cxa_atexit.c
fn=__cxa_atexit
35 2 0 0 0 0 0 1 0 0
37 2 0 0 0 0 0 0 0 0
41 3 1 1 1 0 0 0 0 0
43 1 0 0 0 0 0 1 0 0
44 1 0 0 0 0 0 1 0 0
45 1 0 0 0 0 0 1 0 0
47 1 0 0 0 0 0 1 0 0
48 1 0 0 0 0 0 0 0 0
57 6 1 1 0 0 0 3 0 0
59 4 0 0 4 0 0 0 0 0
fn=__new_exitfn
73 4 1 1 0 0 0 2 0 0
74 2 0 0 0 0 0 0 0 0
79 6 1 1 2 1 1 0 0 0
81 8 1 1 2 1 0 0 0 0
83 3 0 0 1 1 0 0 0 0
91 1 0 0 0 0 0 1 0 0
112 1 1 1 0 0 0 0 0 0
113 2 0 0 0 0 0 1 0 0
126 1 1 1 0 0 0 1 0 0
127 1 0 0 1 1 1 0 0 0
130 4 0 0 2 0 0 0 0 0
133 5 0 0 3 0 0 0 0 0
fl=/build/eglibc-SvCtMH/eglibc-2.19/stdlib/cxa_finalize.c
fn=__cxa_finalize
31 16 1 1 0 0 0 12 0 0
35 14 2 2 4 0 0 0 0 0
39 12 0 0 2 0 0 0 0 0
48 2 0 0 0 0 0 0 0 0
67 14 0 0 4 0 0 0 0 0
71 12 1 1 2 1 0 0 0 0
79 4 0 0 0 0 0 0 0 0
80 4 0 0 0 0 0 0 0 0
82 14 1 1 12 0 0 0 0 0
fl=/build/eglibc-SvCtMH/eglibc-2.19/stdlib/cxa_thread_atexit_impl.c
fn=__call_tls_dtors
82 27 1 1 0 0 0 27 0 0
83 45 1 1 9 8 0 9 0 0
101 36 1 1 36 0 0 0 0 0
fl=/build/eglibc-SvCtMH/eglibc-2.19/stdlib/divrem.c
fn=__mpn_divrem
56 252 1 1 0 0 0 180 2 0
57 18 0 0 0 0 0 0 0 0
59 36 1 1 0 0 0 0 0 0
72 18 1 1 18 0 0 0 0 0
73 18 2 1 18 0 0 0 0 0
75 36 0 0 0 0 0 0 0 0
77 2 0 0 0 0 0 0 0 0
78 4 0 0 0 0 0 0 0 0
81 72 0 0 36 0 0 0 0 0
82 101 0 0 0 0 0 0 0 0
83 39 1 1 13 0 0 13 0 0
84 18 0 0 0 0 0 0 0 0
86 54 0 0 18 0 0 0 0 0
89 18 0 0 0 0 0 18 0 0
91 18 0 0 0 0 0 0 0 0
244 144 1 1 126 0 0 0 0 0
fl=/build/eglibc-SvCtMH/eglibc-2.19/stdlib/exit.c
fn=__run_exit_handlers
35 8 1 1 0 0 0 4 0 0
40 2 0 0 1 1 0 1 0 0
46 8 0 0 2 1 0 0 0 0
50 6 1 1 0 0 0 0 0 0
52 1 0 0 0 0 0 1 0 0
53 1 0 0 0 0 0 0 0 0
54 5 0 0 1 0 0 0 0 0
78 1 1 1 1 0 0 0 0 0
80 2 0 0 1 0 0 0 0 0
82 3 0 0 1 0 0 1 0 0
83 1 0 0 0 0 0 0 0 0
87 2 0 0 1 0 0 1 0 0
88 2 0 0 0 0 0 0 0 0
94 2 1 1 0 0 0 0 0 0
95 8 0 0 1 0 0 1 0 0
97 2 0 0 0 0 0 1 0 0
fn=exit
103 1 0 0 0 0 0 0 0 0
104 3 1 1 0 0 0 1 0 0
fl=/build/eglibc-SvCtMH/eglibc-2.19/stdlib/random.c
fn=random
293 100000 1 1 0 0 0 0 0 0
296 600000 1 1 200000 0 0 0 0 0
298 300000 0 0 0 0 0 100000 0 0
300 400000 1 1 200000 0 0 0 0 0
302 100000 0 0 100000 0 0 0 0 0
303 200000 0 0 100000 0 0 0 0 0
fn=srand
210 2 1 1 0 0 0 0 0 0
211 6 1 1 2 1 1 0 0 0
212 3 0 0 0 0 0 1 0 0
213 4 1 1 2 0 0 0 0 0
214 2 0 0 1 0 0 0 0 0
fl=/build/eglibc-SvCtMH/eglibc-2.19/stdlib/random_r.c
fn=random_r
366 401240 1 1 0 0 0 0 0 0
369 103545 0 0 100310 0 0 0 0 0
371 300930 0 0 100310 0 0 0 0 0
380 100310 0 0 100310 0 0 0 0 0
381 100310 0 0 100310 0 0 0 0 0
382 100310 0 0 100310 0 0 0 0 0
385 300930 0 0 200620 0 0 100310 0 0
387 200620 1 1 0 0 0 100310 0 0
388 100310 0 0 0 0 0 0 0 0
389 200620 0 0 0 0 0 0 0 0
392 3235 0 0 0 0 0 0 0 0
396 97075 0 0 0 0 0 0 0 0
397 194150 0 0 0 0 0 0 0 0
400 100310 0 0 0 0 0 100310 0 0
401 200620 0 0 100310 0 0 100310 0 0
403 100310 0 0 0 0 0 0 0 0
fn=srandom_r
164 5 1 1 0 0 0 3 0 0
172 2 1 1 0 0 0 0 0 0
174 1 0 0 1 1 0 0 0 0
175 2 0 0 0 0 0 0 0 0
178 1 0 0 1 0 0 0 0 0
180 3 0 0 0 0 0 0 0 0
182 1 0 0 0 0 0 1 1 1
183 2 0 0 0 0 0 0 0 0
188 1 0 0 1 0 0 0 0 0
189 95 2 2 0 0 0 0 0 0
194 211 0 0 0 0 0 0 0 0
195 60 0 0 0 0 0 0 0 0
196 90 0 0 0 0 0 0 0 0
198 90 0 0 0 0 0 0 0 0
199 30 0 0 0 0 0 30 1 1
202 3 0 0 1 1 0 1 0 0
203 2 0 0 0 0 0 1 0 0
204 1 0 0 0 0 0 0 0 0
205 934 1 1 0 0 0 0 0 0
208 930 0 0 0 0 0 310 0 0
212 1 0 0 0 0 0 0 0 0
216 5 0 0 4 0 0 0 0 0
fl=/build/eglibc-SvCtMH/eglibc-2.19/string/../bits/stdlib-bsearch.h
fn=intel_check_word
27 8 1 1 0 0 0 0 0 0
28 16 0 0 0 0 0 0 0 0
29 112 0 0 0 0 0 0 0 0
31 152 0 0 0 0 0 0 0 0
32 54 0 0 0 0 0 0 0 0
37 10 0 0 0 0 0 0 0 0
fl=/build/eglibc-SvCtMH/eglibc-2.19/string/../string/memcmp.c
fn=bcmp
105 15 1 1 15 0 0 0 0 0
106 30 0 0 15 0 0 0 0 0
110 33 0 0 0 0 0 0 0 0
111 9 1 1 0 0 0 0 0 0
129 21 1 1 0 0 0 0 0 0
133 3 1 1 3 2 2 0 0 0
134 3 0 0 3 1 1 0 0 0
135 3 0 0 0 0 0 0 0 0
136 3 0 0 0 0 0 0 0 0
137 3 0 0 0 0 0 0 0 0
183 3 0 0 3 2 2 0 0 0
184 3 0 0 3 0 0 0 0 0
185 24 0 0 0 0 0 6 3 3
221 3 0 0 0 0 0 0 0 0
222 6 0 0 0 0 0 0 0 0
226 6 0 0 0 0 0 0 0 0
228 21 1 1 0 0 0 0 0 0
232 3 0 0 3 0 0 0 0 0
233 3 0 0 3 0 0 0 0 0
234 3 0 0 3 0 0 0 0 0
235 3 0 0 0 0 0 0 0 0
236 3 0 0 0 0 0 0 0 0
237 3 0 0 0 0 0 0 0 0
289 3 0 0 3 1 1 0 0 0
290 3 0 0 3 0 0 0 0 0
291 18 1 1 0 0 0 0 0 0
292 6 0 0 0 0 0 0 0 0
299 6 1 1 0 0 0 0 0 0
304 18 1 1 0 0 0 0 0 0
305 6 0 0 0 0 0 0 0 0
315 105 1 1 0 0 0 90 2 2
318 15 0 0 0 0 0 0 0 0
319 15 0 0 0 0 0 0 0 0
322 30 0 0 0 0 0 0 0 0
326 27 0 0 0 0 0 0 0 0
328 3 0 0 3 1 1 0 0 0
329 3 0 0 3 0 0 0 0 0
330 3 0 0 0 0 0 0 0 0
331 3 0 0 0 0 0 0 0 0
333 6 0 0 0 0 0 0 0 0
335 3 0 0 0 0 0 0 0 0
342 18 1 1 0 0 0 0 0 0
343 12 0 0 0 0 0 0 0 0
346 6 0 0 0 0 0 0 0 0
350 9 0 0 0 0 0 0 0 0
351 3 0 0 0 0 0 0 0 0
352 3 0 0 0 0 0 0 0 0
356 152 1 1 0 0 0 0 0 0
358 65 0 0 65 2 2 0 0 0
359 65 0 0 65 5 5 0 0 0
360 65 0 0 0 0 0 0 0 0
363 212 0 0 0 0 0 0 0 0
368 11 0 0 0 0 0 0 0 0
369 120 1 1 105 0 0 0 0 0
fl=/build/eglibc-SvCtMH/eglibc-2.19/string/../sysdeps/x86_64/memcpy.S
fn=__GI_mempcpy
61 21 1 1 0 0 0 0 0 0
65 21 0 0 0 0 0 0 0 0
68 20 0 0 0 0 0 0 0 0
69 20 0 0 0 0 0 0 0 0
71 12 0 0 12 0 0 0 0 0
72 12 0 0 0 0 0 12 4 0
74 12 0 0 0 0 0 0 0 0
75 12 0 0 0 0 0 0 0 0
80 20 0 0 0 0 0 0 0 0
81 20 0 0 0 0 0 0 0 0
83 8 0 0 8 0 0 0 0 0
84 8 0 0 0 0 0 8 0 0
86 8 0 0 0 0 0 0 0 0
87 8 0 0 0 0 0 0 0 0
92 20 1 1 0 0 0 0 0 0
93 20 0 0 0 0 0 0 0 0
95 4 0 0 4 0 0 0 0 0
96 4 0 0 0 0 0 4 0 0
98 4 0 0 0 0 0 0 0 0
99 4 0 0 0 0 0 0 0 0
104 20 0 0 0 0 0 0 0 0
105 20 0 0 0 0 0 0 0 0
107 4 0 0 4 0 0 0 0 0
108 4 0 0 0 0 0 4 0 0
110 4 0 0 0 0 0 0 0 0
111 8 0 0 0 0 0 0 0 0
116 20 0 0 0 0 0 0 0 0
117 20 0 0 0 0 0 0 0 0
138 20 1 1 0 0 0 0 0 0
142 20 0 0 20 0 0 0 0 0
154 1 0 0 0 0 0 0 0 0
156 1 0 0 0 0 0 0 0 0
157 1 0 0 0 0 0 0 0 0
183 1 1 1 0 0 0 0 0 0
184 1 0 0 0 0 0 0 0 0
187 1 0 0 0 0 0 0 0 0
188 1 0 0 0 0 0 0 0 0
189 1 0 0 0 0 0 0 0 0
194 1 0 0 0 0 0 0 0 0
196 1 0 0 1 0 0 0 0 0
197 1 0 0 1 0 0 0 0 0
198 1 0 0 1 0 0 0 0 0
199 1 0 0 1 0 0 0 0 0
201 1 0 0 0 0 0 1 0 0
202 1 0 0 0 0 0 1 0 0
203 1 0 0 0 0 0 1 0 0
204 1 0 0 0 0 0 1 0 0
206 1 1 1 0 0 0 0 0 0
207 1 0 0 0 0 0 0 0 0
209 1 0 0 0 0 0 0 0 0
231 1 1 1 0 0 0 0 0 0
233 1 0 0 0 0 0 0 0 0
235 1 0 0 0 0 0 0 0 0
242 1 0 0 1 0 0 0 0 0
fn=mempcpy
61 14 1 1 0 0 0 0 0 0
65 14 0 0 0 0 0 0 0 0
68 13 0 0 0 0 0 0 0 0
69 13 0 0 0 0 0 0 0 0
71 1 0 0 1 1 1 0 0 0
72 1 0 0 0 0 0 1 1 1
74 1 0 0 0 0 0 0 0 0
75 1 0 0 0 0 0 0 0 0
80 13 0 0 0 0 0 0 0 0
81 13 0 0 0 0 0 0 0 0
83 4 0 0 4 0 0 0 0 0
84 4 0 0 0 0 0 4 2 2
86 4 0 0 0 0 0 0 0 0
87 4 0 0 0 0 0 0 0 0
92 13 0 0 0 0 0 0 0 0
93 13 0 0 0 0 0 0 0 0
95 3 0 0 3 0 0 0 0 0
96 3 0 0 0 0 0 3 0 0
98 3 0 0 0 0 0 0 0 0
99 3 0 0 0 0 0 0 0 0
104 13 0 0 0 0 0 0 0 0
105 13 0 0 0 0 0 0 0 0
116 13 1 1 0 0 0 0 0 0
117 23 0 0 0 0 0 0 0 0
122 10 0 0 10 5 0 0 0 0
123 10 0 0 10 0 0 0 0 0
124 10 0 0 0 0 0 10 8 5
125 10 0 0 0 0 0 10 0 0
127 10 0 0 0 0 0 0 0 0
129 10 0 0 0 0 0 0 0 0
130 10 0 0 0 0 0 0 0 0
132 10 0 0 0 0 0 0 0 0
138 13 0 0 0 0 0 0 0 0
142 13 0 0 13 0 0 0 0 0
154 3 1 1 0 0 0 0 0 0
156 3 0 0 0 0 0 0 0 0
157 3 0 0 0 0 0 0 0 0
183 3 0 0 0 0 0 0 0 0
184 3 0 0 0 0 0 0 0 0
187 3 0 0 0 0 0 0 0 0
188 3 0 0 0 0 0 0 0 0
189 3 0 0 0 0 0 0 0 0
194 3 1 1 0 0 0 0 0 0
196 3 0 0 3 0 0 0 0 0
197 3 0 0 3 0 0 0 0 0
198 3 0 0 3 0 0 0 0 0
199 3 0 0 3 0 0 0 0 0
201 3 0 0 0 0 0 3 0 0
202 3 0 0 0 0 0 3 0 0
203 3 0 0 0 0 0 3 0 0
204 3 0 0 0 0 0 3 0 0
206 3 0 0 0 0 0 0 0 0
207 3 0 0 0 0 0 0 0 0
209 3 0 0 0 0 0 0 0 0
231 3 1 1 0 0 0 0 0 0
233 3 0 0 0 0 0 0 0 0
235 1 0 0 0 0 0 0 0 0
242 1 0 0 1 0 0 0 0 0
fl=/build/eglibc-SvCtMH/eglibc-2.19/string/../sysdeps/x86_64/memset.S
fn=memset
53 8 1 1 0 0 0 0 0 0
54 8 0 0 0 0 0 0 0 0
55 8 0 0 0 0 0 0 0 0
56 8 0 0 0 0 0 0 0 0
57 8 0 0 0 0 0 0 0 0
59 8 0 0 0 0 0 0 0 0
60 8 0 0 0 0 0 0 0 0
77 8 1 1 0 0 0 0 0 0
78 8 0 0 0 0 0 8 2 2
79 8 0 0 0 0 0 0 0 0
80 8 0 0 0 0 0 8 0 0
81 8 0 0 0 0 0 8 0 0
82 8 1 1 0 0 0 8 2 2
83 8 0 0 0 0 0 8 2 2
84 8 0 0 0 0 0 8 0 0
85 8 0 0 0 0 0 8 0 0
86 8 0 0 0 0 0 8 2 2
87 8 0 0 0 0 0 0 0 0
88 8 0 0 0 0 0 0 0 0
89 8 0 0 0 0 0 0 0 0
90 16 0 0 0 0 0 0 0 0
93 24 0 0 0 0 0 24 6 6
94 24 0 0 0 0 0 24 0 0
95 24 1 1 0 0 0 24 0 0
96 24 0 0 0 0 0 24 0 0
97 24 0 0 0 0 0 0 0 0
98 24 0 0 0 0 0 0 0 0
99 24 0 0 0 0 0 0 0 0
100 8 0 0 8 0 0 0 0 0
fl=/build/eglibc-SvCtMH/eglibc-2.19/string/../sysdeps/x86_64/multiarch/../cacheinfo.c
fn=handle_intel
305 16 0 0 0 0 0 12 0 0
306 4 1 1 0 0 0 0 0 0
317 6 0 0 0 0 0 2 0 0
319 2 0 0 0 0 0 2 0 0
320 4 0 0 0 0 0 2 0 0
322 2 0 0 0 0 0 0 0 0
328 8 1 1 0 0 0 2 0 0
333 4 0 0 0 0 0 0 0 0
335 6 1 1 0 0 0 2 0 0
336 2 0 0 0 0 0 0 0 0
340 10 1 1 0 0 0 2 0 0
341 4 0 0 0 0 0 0 0 0
344 10 0 0 0 0 0 2 0 0
345 4 0 0 0 0 0 0 0 0
362 16 0 0 14 0 0 0 0 0
fn=init_cacheinfo
550 3 1 1 0 0 0 3 0 0
563 3 0 0 1 0 0 0 0 0
570 2 0 0 0 0 0 0 0 0
572 4 0 0 1 0 0 1 0 0
575 1 0 0 0 0 0 0 0 0
576 4 1 1 1 0 0 1 0 0
578 2 0 0 0 0 0 0 0 0
589 1 0 0 1 0 0 0 0 0
607 4 0 0 1 0 0 0 0 0
614 17 1 1 0 0 0 0 0 0
620 8 0 0 0 0 0 0 0 0
623 20 0 0 0 0 0 0 0 0
625 2 1 1 0 0 0 0 0 0
631 5 0 0 0 0 0 0 0 0
638 9 1 1 0 0 0 0 0 0
640 2 0 0 0 0 0 0 0 0
642 8 0 0 0 0 0 0 0 0
644 4 0 0 0 0 0 0 0 0
649 1 1 1 0 0 0 0 0 0
651 4 0 0 0 0 0 0 0 0
652 2 0 0 0 0 0 0 0 0
653 1 0 0 0 0 0 0 0 0
657 2 0 0 0 0 0 0 0 0
669 4 0 0 0 0 0 0 0 0
670 5 1 1 0 0 0 0 0 0
744 2 0 0 0 0 0 0 0 0
746 3 1 1 0 0 0 1 0 0
747 1 0 0 0 0 0 1 1 1
749 1 0 0 0 0 0 0 0 0
750 3 0 0 0 0 0 1 0 0
751 1 0 0 0 0 0 1 0 0
754 2 0 0 0 0 0 0 0 0
756 3 0 0 0 0 0 1 0 0
757 1 0 0 0 0 0 1 1 1
759 1 0 0 0 0 0 0 0 0
760 3 0 0 0 0 0 1 0 0
761 1 0 0 0 0 0 1 0 0
763 4 0 0 4 0 0 0 0 0
fn=intel_check_word
150 108 0 0 54 6 6 0 0 0
153 54 0 0 0 0 0 0 0 0
161 16 1 1 0 0 0 12 0 0
162 8 1 1 0 0 0 0 0 0
164 2 0 0 0 0 0 0 0 0
168 28 0 0 0 0 0 0 0 0
170 32 0 0 0 0 0 0 0 0
172 10 0 0 0 0 0 0 0 0
174 20 0 0 0 0 0 0 0 0
182 20 1 1 0 0 0 0 0 0
194 39 2 2 0 0 0 0 0 0
199 16 0 0 0 0 0 0 0 0
203 10 1 1 0 0 0 0 0 0
205 5 1 1 0 0 0 0 0 0
210 8 0 0 0 0 0 0 0 0
213 2 1 1 0 0 0 0 0 0
215 4 0 0 0 0 0 0 0 0
217 10 1 1 0 0 0 0 0 0
218 8 0 0 0 0 0 0 0 0
219 8 1 1 0 0 0 0 0 0
220 2 0 0 0 0 0 0 0 0
228 3 1 1 0 0 0 0 0 0
235 16 0 0 0 0 0 0 0 0
295 8 1 1 0 0 0 0 0 0
300 16 0 0 16 0 0 0 0 0
fl=/build/eglibc-SvCtMH/eglibc-2.19/string/../sysdeps/x86_64/multiarch/../memcpy.S
fn=__GI_memcpy
61 4 1 1 0 0 0 0 0 0
63 4 0 0 0 0 0 0 0 0
65 4 0 0 0 0 0 0 0 0
68 4 0 0 0 0 0 0 0 0
69 4 0 0 0 0 0 0 0 0
80 4 0 0 0 0 0 0 0 0
81 4 0 0 0 0 0 0 0 0
92 4 1 1 0 0 0 0 0 0
93 4 0 0 0 0 0 0 0 0
104 4 0 0 0 0 0 0 0 0
105 4 0 0 0 0 0 0 0 0
116 4 0 0 0 0 0 0 0 0
117 8 0 0 0 0 0 0 0 0
122 4 0 0 4 2 1 0 0 0
123 4 0 0 4 0 0 0 0 0
124 4 0 0 0 0 0 4 2 0
125 4 0 0 0 0 0 4 0 0
127 4 1 1 0 0 0 0 0 0
129 4 0 0 0 0 0 0 0 0
130 4 0 0 0 0 0 0 0 0
132 4 0 0 0 0 0 0 0 0
140 4 0 0 4 0 0 0 0 0
fn=memcpy
61 16 1 1 0 0 0 0 0 0
63 16 0 0 0 0 0 0 0 0
65 16 0 0 0 0 0 0 0 0
68 16 0 0 0 0 0 0 0 0
69 16 0 0 0 0 0 0 0 0
71 3 1 1 3 0 0 0 0 0
72 3 0 0 0 0 0 3 1 1
74 3 0 0 0 0 0 0 0 0
75 3 0 0 0 0 0 0 0 0
80 16 0 0 0 0 0 0 0 0
81 16 0 0 0 0 0 0 0 0
83 4 0 0 4 0 0 0 0 0
84 4 0 0 0 0 0 4 2 2
86 4 0 0 0 0 0 0 0 0
87 8 0 0 0 0 0 0 0 0
92 16 0 0 0 0 0 0 0 0
93 16 0 0 0 0 0 0 0 0
95 4 0 0 4 0 0 0 0 0
96 4 0 0 0 0 0 4 0 0
98 4 0 0 0 0 0 0 0 0
99 4 0 0 0 0 0 0 0 0
104 16 0 0 0 0 0 0 0 0
105 16 0 0 0 0 0 0 0 0
107 8 0 0 8 0 0 0 0 0
108 8 0 0 0 0 0 8 1 1
110 8 0 0 0 0 0 0 0 0
111 8 0 0 0 0 0 0 0 0
116 16 1 1 0 0 0 0 0 0
117 25 0 0 0 0 0 0 0 0
122 9 0 0 9 0 0 0 0 0
123 9 0 0 9 0 0 0 0 0
124 9 0 0 0 0 0 9 2 2
125 9 0 0 0 0 0 9 0 0
127 9 0 0 0 0 0 0 0 0
129 9 0 0 0 0 0 0 0 0
130 9 0 0 0 0 0 0 0 0
132 9 0 0 0 0 0 0 0 0
140 16 0 0 16 0 0 0 0 0
148 6 0 0 0 0 0 6 0 0
154 6 0 0 0 0 0 0 0 0
156 6 0 0 0 0 0 0 0 0
157 6 0 0 0 0 0 0 0 0
160 3 2 1 0 0 0 0 0 0
161 6 0 0 0 0 0 0 0 0
166 7 0 0 7 0 0 0 0 0
167 7 0 0 0 0 0 7 1 1
169 7 0 0 0 0 0 0 0 0
171 7 0 0 0 0 0 0 0 0
172 7 0 0 0 0 0 0 0 0
174 10 0 0 0 0 0 0 0 0
183 6 0 0 0 0 0 0 0 0
184 6 0 0 0 0 0 0 0 0
187 6 0 0 0 0 0 0 0 0
188 6 0 0 0 0 0 0 0 0
189 6 0 0 0 0 0 0 0 0
194 5 1 1 0 0 0 0 0 0
196 5 0 0 5 0 0 0 0 0
197 5 0 0 5 0 0 0 0 0
198 5 0 0 5 0 0 0 0 0
199 5 0 0 5 0 0 0 0 0
201 5 0 0 0 0 0 5 2 2
202 5 0 0 0 0 0 5 0 0
203 5 0 0 0 0 0 5 0 0
204 5 0 0 0 0 0 5 2 2
206 5 0 0 0 0 0 0 0 0
207 5 0 0 0 0 0 0 0 0
209 5 0 0 0 0 0 0 0 0
231 6 1 1 0 0 0 0 0 0
237 6 0 0 6 0 0 0 0 0
238 6 0 0 0 0 0 0 0 0
fl=/build/eglibc-SvCtMH/eglibc-2.19/string/../sysdeps/x86_64/multiarch/../rtld-strlen.S
fn=strlen
26 13 1 1 0 0 0 0 0 0
27 13 0 0 0 0 0 0 0 0
28 13 0 0 0 0 0 0 0 0
29 13 0 0 0 0 0 0 0 0
31 8 0 0 0 0 0 0 0 0
32 8 0 0 0 0 0 0 0 0
34 36 0 0 36 1 1 0 0 0
35 36 0 0 0 0 0 0 0 0
36 35 0 0 0 0 0 0 0 0
37 35 0 0 0 0 0 0 0 0
38 35 0 0 0 0 0 0 0 0
40 24 1 1 0 0 0 0 0 0
45 17 0 0 17 2 2 0 0 0
46 17 0 0 0 0 0 0 0 0
47 17 0 0 0 0 0 0 0 0
48 17 0 0 0 0 0 0 0 0
51 17 0 0 0 0 0 0 0 0
52 15 0 0 0 0 0 0 0 0
53 15 0 0 0 0 0 0 0 0
54 15 0 0 0 0 0 0 0 0
56 15 0 0 0 0 0 0 0 0
59 12 0 0 12 0 0 0 0 0
60 12 0 0 0 0 0 0 0 0
61 12 0 0 0 0 0 0 0 0
62 12 0 0 0 0 0 0 0 0
65 12 0 0 0 0 0 0 0 0
66 12 0 0 0 0 0 0 0 0
67 12 0 0 0 0 0 0 0 0
68 12 1 1 0 0 0 0 0 0
70 12 0 0 0 0 0 0 0 0
73 10 0 0 10 0 0 0 0 0
74 10 0 0 0 0 0 0 0 0
75 10 0 0 0 0 0 0 0 0
76 10 0 0 0 0 0 0 0 0
79 10 0 0 0 0 0 0 0 0
80 7 0 0 0 0 0 0 0 0
81 7 0 0 0 0 0 0 0 0
82 7 0 0 0 0 0 0 0 0
84 7 0 0 0 0 0 0 0 0
87 7 0 0 7 0 0 0 0 0
88 7 0 0 0 0 0 0 0 0
89 7 0 0 0 0 0 0 0 0
90 7 0 0 0 0 0 0 0 0
93 7 0 0 0 0 0 0 0 0
94 6 0 0 0 0 0 0 0 0
95 6 0 0 0 0 0 0 0 0
96 6 0 0 0 0 0 0 0 0
98 7 0 0 0 0 0 0 0 0
101 12 1 1 0 0 0 0 0 0
103 12 0 0 0 0 0 0 0 0
104 12 0 0 0 0 0 0 0 0
105 9 0 0 0 0 0 0 0 0
107 9 0 0 0 0 0 0 0 0
108 9 0 0 0 0 0 0 0 0
109 9 0 0 0 0 0 0 0 0
111 9 0 0 0 0 0 0 0 0
112 9 0 0 0 0 0 0 0 0
113 9 0 0 0 0 0 0 0 0
115 9 0 0 0 0 0 0 0 0
116 9 0 0 0 0 0 0 0 0
117 6 0 0 0 0 0 0 0 0
119 6 0 0 0 0 0 0 0 0
121 6 0 0 0 0 0 0 0 0
122 6 0 0 0 0 0 0 0 0
123 6 0 0 0 0 0 0 0 0
125 6 0 0 0 0 0 0 0 0
126 6 0 0 0 0 0 0 0 0
127 2 0 0 0 0 0 0 0 0
129 2 0 0 0 0 0 0 0 0
130 2 0 0 0 0 0 0 0 0
131 1 0 0 0 0 0 0 0 0
133 13 1 1 0 0 0 0 0 0
134 13 0 0 13 0 0 0 0 0
fl=/build/eglibc-SvCtMH/eglibc-2.19/string/../sysdeps/x86_64/multiarch/../strchr.S
fn=index
24 9 1 1 0 0 0 0 0 0
25 9 0 0 0 0 0 0 0 0
26 9 0 0 0 0 0 0 0 0
27 9 0 0 0 0 0 0 0 0
28 9 0 0 0 0 0 0 0 0
29 9 0 0 0 0 0 0 0 0
30 9 0 0 0 0 0 0 0 0
31 9 0 0 0 0 0 0 0 0
32 9 0 0 9 3 3 0 0 0
33 9 0 0 0 0 0 0 0 0
34 9 0 0 0 0 0 0 0 0
35 9 1 1 0 0 0 0 0 0
36 9 0 0 0 0 0 0 0 0
37 9 0 0 0 0 0 0 0 0
38 9 0 0 0 0 0 0 0 0
39 9 0 0 0 0 0 0 0 0
40 9 0 0 0 0 0 0 0 0
41 6 0 0 0 0 0 0 0 0
45 6 0 0 0 0 0 0 0 0
46 6 0 0 0 0 0 0 0 0
47 6 0 0 6 0 0 0 0 0
48 6 0 0 0 0 0 0 0 0
50 6 0 0 6 0 0 0 0 0
54 3 0 0 3 0 0 0 0 0
55 3 0 0 0 0 0 0 0 0
56 3 0 0 0 0 0 0 0 0
57 3 0 0 0 0 0 0 0 0
58 3 0 0 0 0 0 0 0 0
59 3 1 1 0 0 0 0 0 0
60 3 0 0 3 1 1 0 0 0
61 3 0 0 0 0 0 0 0 0
62 3 0 0 0 0 0 0 0 0
63 3 0 0 0 0 0 0 0 0
64 3 0 0 0 0 0 0 0 0
65 3 0 0 0 0 0 0 0 0
66 3 0 0 0 0 0 0 0 0
67 3 0 0 3 0 0 0 0 0
68 3 0 0 0 0 0 0 0 0
69 3 0 0 0 0 0 0 0 0
70 3 0 0 0 0 0 0 0 0
71 3 0 0 0 0 0 0 0 0
72 3 0 0 0 0 0 0 0 0
73 3 0 0 0 0 0 0 0 0
74 3 0 0 0 0 0 0 0 0
75 3 1 1 0 0 0 0 0 0
76 3 0 0 0 0 0 0 0 0
77 3 0 0 0 0 0 0 0 0
129 3 1 1 0 0 0 0 0 0
133 3 0 0 0 0 0 0 0 0
134 3 0 0 0 0 0 0 0 0
135 3 0 0 3 0 0 0 0 0
136 3 1 1 0 0 0 0 0 0
138 3 0 0 3 0 0 0 0 0
fl=/build/eglibc-SvCtMH/eglibc-2.19/string/../sysdeps/x86_64/multiarch/../strcmp.S
fn=strcmp
131 3044 1 1 3044 91 38 0 0 0
132 3044 0 0 3044 54 6 0 0 0
133 3044 0 0 0 0 0 0 0 0
134 2671 0 0 0 0 0 0 0 0
135 2671 0 0 0 0 0 0 0 0
136 2671 0 0 0 0 0 0 0 0
137 2671 0 0 0 0 0 0 0 0
139 199 0 0 0 0 0 0 0 0
140 199 0 0 199 0 0 0 0 0
142 373 0 0 0 0 0 0 0 0
143 373 0 0 0 0 0 0 0 0
144 373 0 0 0 0 0 0 0 0
145 373 0 0 373 0 0 0 0 0
fl=/build/eglibc-SvCtMH/eglibc-2.19/string/../sysdeps/x86_64/multiarch/memmove.c
fn=memcpy@GLIBC_2.2.5
49 13 1 1 4 0 0 0 0 0
fl=/build/eglibc-SvCtMH/eglibc-2.19/string/../sysdeps/x86_64/multiarch/strcmp.S
fn=strcasecmp
114 1 1 1 1 1 1 0 0 0
115 1 0 0 0 0 0 0 0 0
116 1 0 0 0 0 0 1 0 0
119 1 1 1 0 0 0 0 0 0
120 1 0 0 1 0 0 0 0 0
121 1 0 0 0 0 0 0 0 0
132 1 1 1 1 0 0 0 0 0
fn=strncasecmp
140 1 1 1 1 0 0 0 0 0
141 1 0 0 0 0 0 0 0 0
145 1 0 0 0 0 0 0 0 0
146 1 0 0 1 0 0 0 0 0
147 1 1 1 0 0 0 0 0 0
158 1 0 0 1 0 0 0 0 0
fl=/build/eglibc-SvCtMH/eglibc-2.19/string/../sysdeps/x86_64/rtld-memset.S
fn=memset
30 24 1 1 0 0 0 0 0 0
31 24 0 0 0 0 0 0 0 0
32 24 0 0 0 0 0 0 0 0
33 6812 0 0 0 0 0 6788 101 95
34 24 0 0 0 0 0 0 0 0
35 24 0 0 24 0 0 0 0 0
fl=/build/eglibc-SvCtMH/eglibc-2.19/string/../sysdeps/x86_64/strchr.S
fn=strchrnul
24 16 1 1 0 0 0 0 0 0
25 16 0 0 0 0 0 0 0 0
26 16 0 0 0 0 0 0 0 0
27 16 0 0 0 0 0 0 0 0
28 16 0 0 0 0 0 0 0 0
29 16 0 0 0 0 0 0 0 0
30 16 0 0 0 0 0 0 0 0
31 16 0 0 0 0 0 0 0 0
32 4 0 0 4 2 2 0 0 0
33 4 0 0 0 0 0 0 0 0
34 4 0 0 0 0 0 0 0 0
35 4 1 1 0 0 0 0 0 0
36 4 0 0 0 0 0 0 0 0
37 4 0 0 0 0 0 0 0 0
38 4 0 0 0 0 0 0 0 0
39 4 0 0 0 0 0 0 0 0
40 4 0 0 0 0 0 0 0 0
41 2 0 0 0 0 0 0 0 0
43 2 0 0 0 0 0 0 0 0
50 2 0 0 2 0 0 0 0 0
54 2 0 0 2 1 1 0 0 0
55 2 0 0 0 0 0 0 0 0
56 2 0 0 0 0 0 0 0 0
57 2 0 0 0 0 0 0 0 0
58 2 0 0 0 0 0 0 0 0
59 2 0 0 0 0 0 0 0 0
60 2 0 0 2 0 0 0 0 0
61 2 1 1 0 0 0 0 0 0
62 2 0 0 0 0 0 0 0 0
63 2 0 0 0 0 0 0 0 0
64 2 0 0 0 0 0 0 0 0
65 2 0 0 0 0 0 0 0 0
66 2 0 0 0 0 0 0 0 0
67 2 0 0 2 1 1 0 0 0
68 2 0 0 0 0 0 0 0 0
69 2 0 0 0 0 0 0 0 0
70 2 0 0 0 0 0 0 0 0
71 2 0 0 0 0 0 0 0 0
72 2 0 0 0 0 0 0 0 0
73 2 0 0 0 0 0 0 0 0
74 2 0 0 0 0 0 0 0 0
75 2 0 0 0 0 0 0 0 0
76 2 0 0 0 0 0 0 0 0
77 2 1 1 0 0 0 0 0 0
129 14 1 1 0 0 0 0 0 0
131 14 0 0 0 0 0 0 0 0
138 14 0 0 14 0 0 0 0 0
142 12 1 1 0 0 0 0 0 0
143 12 0 0 0 0 0 0 0 0
144 12 0 0 0 0 0 0 0 0
145 12 0 0 0 0 0 0 0 0
146 12 0 0 12 4 1 0 0 0
147 12 0 0 0 0 0 0 0 0
148 12 0 0 0 0 0 0 0 0
149 12 0 0 0 0 0 0 0 0
150 12 0 0 0 0 0 0 0 0
151 12 0 0 0 0 0 0 0 0
152 12 0 0 12 0 0 0 0 0
153 12 0 0 0 0 0 0 0 0
154 12 0 0 0 0 0 0 0 0
155 12 0 0 0 0 0 0 0 0
156 12 0 0 0 0 0 0 0 0
157 12 1 1 0 0 0 0 0 0
158 12 0 0 12 0 0 0 0 0
159 12 0 0 0 0 0 0 0 0
160 12 0 0 0 0 0 0 0 0
161 12 0 0 0 0 0 0 0 0
162 12 0 0 0 0 0 0 0 0
163 12 0 0 0 0 0 0 0 0
164 12 0 0 0 0 0 0 0 0
165 12 0 0 12 0 0 0 0 0
166 12 0 0 0 0 0 0 0 0
167 12 0 0 0 0 0 0 0 0
168 12 0 0 0 0 0 0 0 0
169 12 0 0 0 0 0 0 0 0
170 12 0 0 0 0 0 0 0 0
171 12 0 0 0 0 0 0 0 0
172 12 0 0 0 0 0 0 0 0
173 12 1 1 0 0 0 0 0 0
174 12 0 0 0 0 0 0 0 0
175 12 0 0 0 0 0 0 0 0
176 12 0 0 0 0 0 0 0 0
177 12 0 0 0 0 0 0 0 0
178 12 0 0 0 0 0 0 0 0
179 12 0 0 0 0 0 0 0 0
fl=/build/eglibc-SvCtMH/eglibc-2.19/string/../sysdeps/x86_64/strlen.S
fn=strlen
66 2 1 1 0 0 0 0 0 0
67 2 0 0 0 0 0 0 0 0
68 2 0 0 0 0 0 0 0 0
69 2 0 0 0 0 0 0 0 0
70 2 0 0 0 0 0 0 0 0
71 2 0 0 0 0 0 0 0 0
72 2 0 0 0 0 0 0 0 0
74 2 0 0 0 0 0 0 0 0
76 2 0 0 0 0 0 0 0 0
106 2 0 0 2 2 1 0 0 0
107 2 1 1 0 0 0 0 0 0
108 2 0 0 0 0 0 0 0 0
109 2 0 0 0 0 0 0 0 0
110 2 0 0 0 0 0 0 0 0
111 2 0 0 0 0 0 0 0 0
112 2 0 0 2 0 0 0 0 0
fl=/build/eglibc-SvCtMH/eglibc-2.19/string/../sysdeps/x86_64/strrchr.S
fn=rindex
24 1 1 1 0 0 0 0 0 0
25 1 0 0 0 0 0 0 0 0
26 1 0 0 0 0 0 0 0 0
27 1 0 0 0 0 0 0 0 0
28 1 0 0 0 0 0 0 0 0
29 1 0 0 0 0 0 0 0 0
30 1 0 0 0 0 0 0 0 0
31 1 0 0 0 0 0 0 0 0
32 1 0 0 1 1 0 0 0 0
33 1 0 0 0 0 0 0 0 0
34 1 1 1 0 0 0 0 0 0
35 1 0 0 0 0 0 0 0 0
36 1 0 0 0 0 0 0 0 0
37 1 0 0 0 0 0 0 0 0
38 1 0 0 0 0 0 0 0 0
39 1 0 0 0 0 0 0 0 0
40 1 0 0 0 0 0 0 0 0
41 1 0 0 0 0 0 0 0 0
42 1 0 0 0 0 0 0 0 0
43 1 0 0 0 0 0 0 0 0
44 1 0 0 0 0 0 0 0 0
45 1 0 0 0 0 0 0 0 0
46 1 0 0 0 0 0 0 0 0
47 1 0 0 1 0 0 0 0 0
fl=/build/eglibc-SvCtMH/eglibc-2.19/time/../sysdeps/generic/dl-hash.h
fn=gettimeofday
43 2 0 0 0 0 0 0 0 0
44 2 1 1 0 0 0 0 0 0
45 26 1 1 8 1 0 0 0 0
48 24 0 0 0 0 0 0 0 0
49 16 0 0 0 0 0 0 0 0
62 16 0 0 0 0 0 0 0 0
67 2 0 0 0 0 0 0 0 0
fn=time
43 1 0 0 0 0 0 0 0 0
44 1 0 0 0 0 0 0 0 0
45 13 0 0 4 1 1 0 0 0
48 12 0 0 0 0 0 0 0 0
49 8 1 1 0 0 0 0 0 0
62 8 0 0 0 0 0 0 0 0
67 1 0 0 0 0 0 0 0 0
fl=/build/eglibc-SvCtMH/eglibc-2.19/time/../sysdeps/unix/sysv/linux/x86_64/gettimeofday.c
fn=gettimeofday
30 2 0 0 0 0 0 0 0 0
31 14 1 0 0 0 0 8 0 0
34 6 0 0 0 0 0 2 0 0
35 6 0 0 0 0 0 0 0 0
36 6 0 0 2 0 0 0 0 0
fl=/build/eglibc-SvCtMH/eglibc-2.19/time/../sysdeps/unix/sysv/linux/x86_64/time.c
fn=time
36 1 0 0 0 0 0 0 0 0
37 7 1 1 0 0 0 4 0 0
40 6 1 1 0 0 0 1 0 0
41 3 0 0 1 0 0 0 0 0
fl=/home/navneet/parallel/LAB5/valgrind_fix.c
fn=get_thread
72 1300008 2 2 0 0 0 0 0 0
75 4000054004 0 0 0 0 0 0 0 0
76 2000477002 0 0 1000188501 186447755 0 0 0 0
77 300000 0 0 0 0 0 0 0 0
98 16 1 1 0 0 0 8 0 0
101 20 0 0 0 0 0 0 0 0
102 16 0 0 4 2 0 0 0 0
104 8 0 0 0 0 0 4 4 0
105 200016 0 0 0 0 0 0 0 0
106 100000 0 0 100000 88063 0 0 0 0
107 300000 1 1 100000 0 0 0 0 0
109 8 0 0 0 0 0 4 4 0
111 16 0 0 12 4 0 0 0 0
fn=main
114 4 1 1 0 0 0 3 0 0
120 2 0 0 0 0 0 0 0 0
128 5 0 0 0 0 0 1 0 0
131 4 0 0 1 0 0 1 0 0
134 2 0 0 0 0 0 1 0 0
135 7 1 1 1 1 0 0 0 0
136 300000 0 0 0 0 0 0 0 0
137 200000 0 0 0 0 0 200000 6251 6251
138 200000 0 0 0 0 0 0 0 0
141 3 0 0 0 0 0 2 0 0
143 30 1 1 5 2 0 0 0 0
144 28 0 0 0 0 0 4 0 0
147 21 1 1 4 2 0 0 0 0
148 20 0 0 4 2 0 4 0 0
150 2 1 1 0 0 0 1 0 0
152 1 0 0 1 0 0 0 0 0
154 3 0 0 0 0 0 2 0 0
157 30 0 0 5 0 0 0 0 0
158 28 1 1 0 0 0 4 0 0
161 21 0 0 4 1 0 0 0 0
162 20 1 1 4 1 0 4 0 0
164 2 0 0 0 0 0 1 0 0
166 1 0 0 1 0 0 0 0 0
167 6 1 1 4 1 0 0 0 0
fn=now
32 4 1 1 0 0 0 0 0 0
34 12 0 0 0 0 0 4 0 0
35 16 0 0 12 3 1 0 0 0
36 8 0 0 4 0 0 0 0 0
fn=put_thread
55 1300028 2 2 0 0 0 0 0 0
58 4000125220 0 0 0 0 0 0 0 0
59 3000318915 0 0 1000106305 186451332 18754 0 0 0
60 600000 1 1 0 0 0 100000 0 0
61 100000 0 0 0 0 0 100000 0 0
62 100000 0 0 0 0 0 100000 0 0
86 16 0 0 0 0 0 8 0 0
89 16 0 0 4 2 0 0 0 0
90 8 0 0 0 0 0 4 3 3
91 200016 0 0 0 0 0 0 0 0
92 100000 0 0 100000 88064 0 0 0 0
94 8 0 0 0 0 0 4 4 0
95 16 0 0 12 4 0 0 0 0
fl=/home/navneet/valgrind-3.13.0/coregrind/m_trampoline.S
fn=vgPlain_amd64_linux_REDIR_FOR_vgettimeofday
176 4 1 1 0 0 0 0 0 0
177 4 0 0 0 0 0 0 0 0
178 4 0 0 4 0 0 0 0 0
fl=/usr/include/stdlib.h
fn=main
280 5 1 1 1 1 0 2 0 0
fl=/usr/include/x86_64-linux-gnu/bits/stdio2.h
fn=get_thread
104 24 0 0 0 0 0 4 0 0
fn=main
104 8 0 0 0 0 0 2 0 0
fl=???
fn=???
0 100576 52 39 100388 106 0 92 1 1
fn=__libc_csu_init
0 34 2 2 8 1 0 8 0 0
fn=__libc_thread_freeres
0 224 1 1 56 8 0 48 0 0
fn=__rpc_thread_destroy
0 88 3 3 40 8 0 16 0 0
fn=arena_thread_freeres
0 48 2 2 24 8 0 8 0 0
fn=res_thread_freeres
0 128 2 1 64 21 4 32 0 0
fn=strerror_thread_freeres
0 48 1 1 8 0 0 8 0 0
summary: 13010930977 1254 1190 2002161047 373079201 20952 1029623 7274 7001
